3,9175183,9437199,36,10275,0,19,-34,100,5918,0,7020,0,2699,0,4811,0,6763,0,7750,0,2950,0,4378,0
3,9175183,9437199,36,30825,1,111,-33,106,5238,0,4748,0,4869,0,3805,0,7399,0,5525,0,5436,0,3441,0
3,9175183,9437199,36,26939,2,198,-33,104,6382,0,5005,0,3650,0,4670,0,3308,0,6482,0,6579,0,2576,0
3,9175183,9437199,36,15281,3,206,-33,103,4303,0,9906,0,2467,0,5272,0,6233,0,6508,0,3963,0,5727,0
3,9175183,9437199,36,45843,4,254,-33,106,5943,0,5256,0,7725,0,5588,0,4737,0,3149,0,3924,0,3544,0
3,9175183,9437199,36,6457,5,263,-33,105,6802,0,5086,0,4710,0,5631,0,3443,0,5718,0,4718,0,4602,0
3,9175183,9437199,36,19371,6,276,-36,107,3996,0,3161,0,5550,0,7584,0,7289,0,5336,0,3616,0,5833,0
3,9175183,9437199,36,58113,7,323,-35,106,6432,0,6635,0,5313,0,4895,0,5561,0,6678,0,5271,0,6790,0
3,9175183,9437199,36,43267,8,439,-35,103,4385,0,6172,0,4455,0,6160,0,5972,0,4215,0,6169,0,2459,0
3,9175183,9437199,36,64265,9,499,-34,105,2921,0,2556,0,4116,0,5594,0,6702,0,8267,0,5045,0,5153,0
3,9175183,9437199,36,61723,10,570,-34,106,5049,0,4075,0,4948,0,2829,0,5501,0,5130,0,2850,0,4211,0
3,9175183,9437199,36,54097,11,619,-34,104,5116,0,6032,0,6928,0,3470,0,6072,0,5219,0,4066,0,3542,0
3,9175183,9437199,36,31219,12,674,-34,104,2478,0,6057,0,3830,0,3380,0,6159,0,8184,0,5552,0,4729,0
3,9175183,9437199,36,28121,13,704,-32,106,1761,0,4512,0,3428,0,5158,0,4955,0,4368,0,5372,0,5532,0
3,9175183,9437199,36,18827,14,733,-33,104,3338,0,4496,0,4135,0,3366,0,4694,0,3533,0,3741,0,3994,0
3,9175183,9437199,36,56481,15,741,-35,106,5092,0,4261,0,4581,0,5760,0,4899,0,3137,0,5859,0,5025,0
3,9175183,9437199,36,38371,16,759,-33,101,6610,0,3674,0,3907,0,6245,0,3663,0,5665,0,7189,0,6636,0
3,9175183,9437199,36,49577,17,823,-32,106,3373,0,5848,0,4199,0,4766,0,5154,0,3156,0,5437,0,5701,0
3,9175183,9437199,36,17659,18,881,-33,105,4146,0,4024,0,5481,0,3773,0,7016,0,6249,0,3266,0,6503,0
3,9175183,9437199,36,52977,19,981,-34,106,5989,0,6114,0,4303,0,3231,0,5963,0,7476,0,2854,0,4768,0
3,9175183,9437199,36,27859,20,1122,-37,105,7061,0,3908,0,6879,0,6968,0,4628,0,5538,0,5089,0,5942,0
3,9175183,9437199,36,18041,21,1167,-32,106,4909,0,5461,0,4758,0,6639,0,2548,0,4727,0,2966,0,5957,0
3,9175183,9437199,36,54123,22,1183,-29,106,3569,0,3281,0,4303,0,5971,0,7134,0,3961,0,3807,0,2764,0
3,9175183,9437199,36,31297,23,1230,-32,104,3097,0,4836,0,5551,0,3511,0,6038,0,4776,0,7962,0,5297,0
3,9175183,9437199,36,28355,24,1249,-36,99,3303,0,5736,0,4027,0,4540,0,6859,0,5330,0,6794,0,2927,0
3,9175183,9437199,36,19529,25,1282,-39,95,3942,0,4555,0,3768,0,4429,0,6532,0,4059,0,7675,0,3573,0
3,9175183,9437199,36,58587,26,1345,-41,82,4768,0,9010,0,6316,0,3975,0,3743,0,4294,0,5461,0,4677,0
3,9175183,9437199,36,44689,27,1390,-32,105,5734,0,4720,0,3001,0,3647,0,4219,0,4445,0,5398,0,4287,0
3,9175183,9437199,36,2995,28,1406,-30,103,5287,0,6318,0,4222,0,8317,0,3794,0,5604,0,5330,0,6034,0
3,9175183,9437199,36,8985,29,1501,-31,106,3993,0,4167,0,3057,0,4271,0,6425,0,5005,0,5037,0,5073,0
3,9175183,9437199,36,26955,30,1508,-33,107,3878,0,7525,0,6807,0,8278,0,2272,0,6017,0,4889,0,5819,0
3,9175183,9437199,36,15329,31,1514,-36,103,3444,0,4926,0,7020,0,4729,0,3887,0,5339,0,3859,0,5166,0
3,9175183,9437199,36,45987,32,1528,-36,103,4389,0,3849,0,7013,0,5553,0,4644,0,7109,0,4056,0,3207,0
3,9175183,9437199,36,6889,33,1563,-34,101,3530,0,5279,0,5572,0,4878,0,4048,0,4522,0,7032,0,7677,0
3,9175183,9437199,36,20667,34,1650,-34,104,7455,0,3425,0,4861,0,4958,0,5127,0,7662,0,3493,0,3804,0
3,9175183,9437199,36,62001,35,1680,-33,102,5703,0,3734,0,5024,0,5499,0,4254,0,3010,0,5013,0,3893,0
3,9175183,9437199,36,54931,36,1724,-34,96,4756,0,4736,0,6663,0,5748,0,4674,0,6144,0,4106,0,3035,0
3,9175183,9437199,36,33721,37,1805,-33,104,3240,0,7220,0,3306,0,6294,0,3368,0,4215,0,5778,0,6831,0
3,9175183,9437199,36,35627,38,1828,-34,104,5959,0,3726,0,5091,0,5551,0,3547,0,3637,0,5906,0,3527,0
3,9175183,9437199,36,41345,39,1840,-35,103,6529,0,4642,0,5326,0,2778,0,5271,0,3131,0,5363,0,6448,0
3,9175183,9437199,36,58499,40,1872,-33,103,4789,0,4812,0,3976,0,5102,0,5260,0,6078,0,6149,0,4412,0
3,9175183,9437199,36,44425,41,1874,-34,101,5728,0,2990,0,6103,0,3960,0,4701,0,3133,0,4321,0,4715,0
3,9175183,9437199,36,2203,42,1905,-34,104,5819,0,3550,0,5627,0,4093,0,3001,0,4543,0,4035,0,3029,0
3,9175183,9437199,36,6609,43,2023,-34,103,5218,0,6318,0,5825,0,3548,0,5892,0,5523,0,4809,0,3614,0
3,9437327,9699343,37,59481,0,92,-34,98,8324,0,7504,0,2972,0,5964,0,7044,0,8188,0,3678,0,5019,0
3,9437327,9699343,37,47371,1,93,-35,102,5598,0,5184,0,5039,0,5130,0,8274,0,6665,0,5979,0,3669,0
3,9437327,9699343,37,11041,2,122,-34,105,7521,0,5041,0,3778,0,4661,0,3879,0,8502,0,7580,0,3177,0
3,9437327,9699343,37,33123,3,137,-34,97,5336,0,10367,0,2829,0,5810,0,6972,0,6900,0,4352,0,5993,0
3,9437327,9699343,37,33833,4,173,-34,98,7020,0,5721,0,7904,0,6520,0,6111,0,3050,0,4500,0,3979,0
3,9437327,9699343,37,35963,5,203,-34,103,7713,0,6366,0,5265,0,6183,0,4803,0,6589,0,5496,0,4668,0
3,9437327,9699343,37,42353,6,390,-34,103,4730,0,4051,0,5970,0,9015,0,6886,0,5985,0,4749,0,6508,0
3,9437327,9699343,37,61523,7,400,-34,103,6949,0,7012,0,6686,0,5502,0,6423,0,7403,0,6763,0,7930,0
3,9437327,9699343,37,53497,8,416,-34,104,4650,0,6181,0,5020,0,7379,0,6479,0,4871,0,6572,0,3736,0
3,9437327,9699343,37,29419,9,422,-35,103,2936,0,2461,0,4001,0,6563,0,7703,0,8557,0,5769,0,5459,0
3,9437327,9699343,37,22721,10,423,-34,101,6288,0,4399,0,6768,0,3558,0,6583,0,5991,0,4070,0,4422,0
3,9437327,9699343,37,2627,11,479,-34,99,5306,0,6494,0,7636,0,3838,0,6899,0,5376,0,4776,0,4070,0
3,9437327,9699343,37,7881,12,486,-34,105,2588,0,6260,0,4668,0,4517,0,7228,0,8644,0,6563,0,6075,0
3,9437327,9699343,37,23643,13,520,-34,101,1966,0,5788,0,3943,0,4994,0,5857,0,4918,0,6340,0,6160,0
3,9437327,9699343,37,5393,14,556,-33,103,3641,0,5384,0,4819,0,4493,0,6114,0,4633,0,4941,0,4874,0
3,9437327,9699343,37,16179,15,579,-34,105,5102,0,4829,0,4744,0,6462,0,5107,0,3565,0,6505,0,5399,0
3,9437327,9699343,37,48537,16,617,-34,104,7012,0,4119,0,4444,0,7012,0,4325,0,6082,0,8700,0,6996,0
3,9437327,9699343,37,14539,17,636,-34,106,4902,0,6620,0,4625,0,5527,0,5105,0,3739,0,6279,0,6151,0
3,9437327,9699343,37,43617,18,708,-34,103,4672,0,4477,0,5631,0,4385,0,7706,0,6607,0,3657,0,7367,0
3,9437327,9699343,37,65315,19,721,-34,101,7030,0,6482,0,5523,0,4216,0,6678,0,8586,0,2943,0,4918,0
3,9437327,9699343,37,64873,20,963,-34,99,7666,0,5411,0,7035,0,7469,0,4700,0,6302,0,5678,0,6580,0
3,9437327,9699343,37,63547,21,1052,-34,102,5208,0,7205,0,5259,0,7310,0,3337,0,5792,0,3401,0,6785,0
3,9437327,9699343,37,59569,22,1104,-34,104,5187,0,4046,0,4738,0,7426,0,7811,0,4362,0,3973,0,3469,0
3,9437327,9699343,37,47635,23,1234,-34,103,3508,0,5310,0,7156,0,4333,0,6117,0,5360,0,8413,0,6202,0
3,9437327,9699343,37,11833,24,1300,-33,105,3187,0,6468,0,4147,0,4664,0,8121,0,5479,0,6924,0,3929,0
3,9437327,9699343,37,35499,25,1387,-31,107,4773,0,5981,0,4222,0,5096,0,8222,0,4189,0,7842,0,4153,0
3,9437327,9699343,37,40961,26,1448,-31,104,4870,0,9308,0,6734,0,4416,0,3403,0,5559,0,5736,0,5146,0
3,9437327,9699343,37,57347,27,1477,-32,104,5909,0,6031,0,4444,0,4420,0,4951,0,5511,0,5908,0,4456,0
3,9437327,9699343,37,40969,28,1498,-31,105,6456,0,6909,0,5092,0,9852,0,3989,0,5542,0,5527,0,6937,0
3,9437327,9699343,37,57371,29,1588,-33,102,4880,0,4315,0,3346,0,4274,0,6996,0,5615,0,5034,0,6610,0
3,9437327,9699343,37,41041,30,1599,-38,104,4494,0,8070,0,7713,0,8934,0,2677,0,5973,0,5284,0,6358,0
3,9437327,9699343,37,57587,31,1601,-35,103,4043,0,5523,0,7946,0,4786,0,3897,0,6098,0,4563,0,5791,0
3,9437327,9699343,37,41689,32,1709,-31,101,4573,0,4606,0,6666,0,6445,0,5588,0,7364,0,5478,0,3824,0
3,9437327,9699343,37,59531,33,1755,-33,103,3884,0,6074,0,6819,0,5983,0,4820,0,5657,0,7677,0,7613,0
3,9437327,9699343,37,47521,34,1770,-33,103,7876,0,4458,0,5143,0,5942,0,6455,0,8934,0,4475,0,4474,0
3,9437327,9699343,37,11491,35,1933,-31,104,6551,0,3615,0,5617,0,6921,0,4046,0,3531,0,5696,0,4086,0
3,9437327,9699343,37,34473,36,2052,-32,107,5386,0,5027,0,5598,0,6431,0,6273,0,7287,0,4648,0,3905,0
3,9699471,9961487,38,37883,0,71,-31,100,6557,0,6797,0,2822,0,4979,0,6754,0,8177,0,2712,0,4656,0
3,9699471,9961487,38,48113,1,94,-32,105,4901,0,4568,0,4599,0,4198,0,6898,0,5481,0,4776,0,3517,0
3,9699471,9961487,38,13267,2,104,-33,105,6653,0,4520,0,3643,0,4185,0,3307,0,6511,0,6710,0,2651,0
3,9699471,9961487,38,39801,3,110,-33,105,3745,0,9707,0,2548,0,5072,0,5559,0,6302,0,3550,0,5638,0
3,9699471,9961487,38,53867,4,158,-31,106,5725,0,5776,0,7147,0,5535,0,4831,0,2574,0,3991,0,3680,0
3,9699471,9961487,38,30529,5,211,-31,106,6666,0,4297,0,4753,0,5375,0,3740,0,5783,0,4809,0,4436,0
3,9699471,9961487,38,26051,6,260,-31,103,4350,0,2874,0,5555,0,7416,0,6665,0,4871,0,3841,0,5786,0
3,9699471,9961487,38,12617,7,331,-31,105,6318,0,6426,0,5645,0,4789,0,5528,0,6618,0,6015,0,7159,0
3,9699471,9961487,38,37851,8,383,-39,102,4318,0,5307,0,4262,0,6444,0,5704,0,4224,0,6464,0,2691,0
3,9699471,9961487,38,48017,9,444,-31,103,2925,0,2403,0,3832,0,5762,0,6909,0,8336,0,4909,0,5375,0
3,9699471,9961487,38,12979,10,544,-31,104,5376,0,3744,0,5858,0,2826,0,5776,0,4799,0,3232,0,4105,0
3,9699471,9961487,38,38937,11,571,-31,102,4856,0,5782,0,6736,0,3623,0,6407,0,5233,0,3971,0,3899,0
3,9699471,9961487,38,51275,12,650,-34,105,2340,0,5651,0,3703,0,3346,0,6310,0,7844,0,5242,0,5405,0
3,9699471,9961487,38,22753,13,728,-31,103,1430,0,4535,0,3491,0,5389,0,4430,0,3503,0,5346,0,5343,0
3,9699471,9961487,38,2723,14,795,-33,105,2978,0,4559,0,4689,0,3757,0,4998,0,3827,0,3689,0,4419,0
3,9699471,9961487,38,8169,15,860,-31,106,4727,0,4538,0,4884,0,6372,0,5185,0,3282,0,5841,0,4615,0
3,9699471,9961487,38,24507,16,904,-31,104,6947,0,3616,0,3843,0,6323,0,3527,0,5563,0,7266,0,6252,0
3,9699471,9961487,38,7985,17,915,-31,103,4264,0,5832,0,4198,0,4619,0,4853,0,3270,0,4975,0,6370,0
3,9699471,9961487,38,23955,18,970,-33,103,4151,0,4403,0,5443,0,4203,0,6866,0,5982,0,3014,0,6713,0
3,9699471,9961487,38,6329,19,1022,-32,102,6268,0,6061,0,4395,0,3514,0,5735,0,8084,0,2948,0,4827,0
3,9699471,9961487,38,18987,20,1057,-32,102,6916,0,4729,0,6729,0,7057,0,4366,0,6136,0,4851,0,5829,0
3,9699471,9961487,38,56961,21,1116,-31,102,4899,0,5930,0,4640,0,6287,0,2648,0,4887,0,3219,0,6243,0
3,9699471,9961487,38,39811,22,1137,-31,103,4389,0,3235,0,4242,0,5537,0,6550,0,3979,0,3679,0,2685,0
3,9699471,9961487,38,53897,23,1169,-31,100,2919,0,4369,0,6166,0,2766,0,5861,0,4474,0,8229,0,5001,0
3,9699471,9961487,38,30619,24,1183,-31,106,2902,0,5469,0,3989,0,4259,0,7151,0,4570,0,6128,0,3188,0
3,9699471,9961487,38,26321,25,1201,-31,102,4416,0,5126,0,3884,0,4425,0,6544,0,3367,0,7247,0,3643,0
3,9699471,9961487,38,13427,26,1209,-31,102,4308,0,8375,0,5887,0,4179,0,3479,0,4314,0,5131,0,4508,0
3,9699471,9961487,38,40281,27,1213,-31,103,5397,0,4874,0,3119,0,3745,0,4802,0,4991,0,5239,0,4286,0
3,9699471,9961487,38,55307,28,1240,-31,105,5200,0,6273,0,3804,0,8250,0,3691,0,5369,0,5651,0,5902,0
3,9699471,9961487,38,34849,29,1315,-31,106,3472,0,3738,0,3406,0,4031,0,6825,0,4938,0,4938,0,5924,0
3,9699471,9961487,38,39011,30,1333,-31,104,3935,0,6420,0,7191,0,8363,0,1560,0,5614,0,4879,0,5967,0
3,9699471,9961487,38,51497,31,1363,-31,95,3272,0,4645,0,7813,0,4276,0,3421,0,5003,0,3977,0,5097,0
3,9699471,9961487,38,23419,32,1452,-31,107,4328,0,3947,0,6626,0,5552,0,4435,0,6859,0,3810,0,2807,0
3,9699471,9961487,38,4721,33,1467,-30,107,3409,0,5327,0,6373,0,5084,0,4239,0,4762,0,6715,0,7869,0
3,9699471,9961487,38,14163,34,1484,-31,106,6495,0,3525,0,4626,0,5498,0,5989,0,7921,0,3589,0,4349,0
3,9699471,9961487,38,42489,35,1521,-30,104,5562,0,3740,0,4987,0,5531,0,4195,0,3285,0,5204,0,3973,0
3,9699471,9961487,38,61931,36,1566,-31,106,4809,0,5101,0,6563,0,5599,0,4490,0,5903,0,4111,0,2975,0
3,9699471,9961487,38,54721,37,1594,-30,106,3319,0,7289,0,3148,0,6690,0,3379,0,4344,0,5885,0,7169,0
3,9699471,9961487,38,33091,38,1602,-31,104,6015,0,4123,0,4899,0,5614,0,3453,0,3470,0,6140,0,4145,0
3,9699471,9961487,38,33737,39,1618,-31,103,6369,0,4871,0,5823,0,2706,0,5565,0,3502,0,5013,0,6154,0
3,9699471,9961487,38,35675,40,1680,-32,104,4705,0,4978,0,4567,0,4476,0,5564,0,5752,0,6535,0,4712,0
3,9699471,9961487,38,41489,41,1747,-36,106,5556,0,3218,0,6607,0,3930,0,4708,0,3774,0,4611,0,5144,0
3,9699471,9961487,38,58931,42,1792,-34,103,5248,0,3445,0,5411,0,4296,0,3018,0,4419,0,3765,0,3026,0
3,9699471,9961487,38,45721,43,1820,-34,105,5071,0,5452,0,5665,0,3756,0,5097,0,5532,0,4805,0,3602,0
3,9699471,9961487,38,6091,44,1985,-35,107,6176,0,3511,0,4990,0,5500,0,4352,0,4554,0,7059,0,2553,0
3,9699471,9961487,38,18273,45,2043,-36,102,3958,0,3776,0,4502,0,4323,0,5575,0,5808,0,5992,0,4591,0
3,9699471,9961487,38,54819,46,2109,-36,101,4604,0,4439,0,2479,0,4876,0,3342,0,6726,0,7634,0,8089,0
3,9961615,10223631,39,33385,0,4,-35,107,7763,0,7882,0,2860,0,6274,0,7230,0,8025,0,3361,0,5100,0
3,9961615,10223631,39,34619,1,84,-35,103,5672,0,5039,0,5561,0,4927,0,8454,0,6707,0,5750,0,3516,0
3,9961615,10223631,39,38321,2,176,-34,106,6963,0,4533,0,4078,0,5044,0,4513,0,8430,0,7728,0,3307,0
3,9961615,10223631,39,49427,3,226,-35,106,4907,0,10476,0,2958,0,5574,0,6304,0,7244,0,4763,0,6440,0
3,9961615,10223631,39,17209,4,274,-38,106,6975,0,5854,0,8148,0,6236,0,5735,0,3349,0,5182,0,3954,0
3,9961615,10223631,39,51627,5,280,-36,103,7911,0,6113,0,5571,0,5842,0,4923,0,6892,0,5691,0,5216,0
3,9961615,10223631,39,23809,6,311,-31,106,4742,0,3821,0,6337,0,8907,0,7383,0,6201,0,4802,0,6629,0
3,9961615,10223631,39,5891,7,339,-39,101,6787,0,6777,0,6336,0,6076,0,6392,0,7246,0,6834,0,7499,0
3,9961615,10223631,39,17673,8,500,-35,105,4540,0,6171,0,4717,0,7460,0,6500,0,4942,0,7387,0,3359,0
3,9961615,10223631,39,53019,9,504,-35,105,3169,0,2965,0,3937,0,6567,0,7792,0,8077,0,5493,0,5110,0
3,9961615,10223631,39,27985,10,792,-32,102,6771,0,4277,0,6359,0,3502,0,6331,0,6029,0,3671,0,4253,0
3,9961615,10223631,39,18419,11,840,-34,105,4970,0,6486,0,7556,0,3779,0,7296,0,5425,0,5051,0,3800,0
3,9961615,10223631,39,55257,12,865,-33,101,2947,0,6159,0,4349,0,4593,0,7000,0,8923,0,6481,0,5775,0
3,9961615,10223631,39,34699,13,910,-34,105,1932,0,5954,0,3633,0,5453,0,5813,0,5414,0,6048,0,6357,0
3,9961615,10223631,39,38561,14,921,-34,98,3484,0,5198,0,4792,0,4516,0,6322,0,4521,0,4985,0,5077,0
3,9961615,10223631,39,50147,15,938,-33,106,5414,0,4436,0,4832,0,6282,0,4496,0,3687,0,6723,0,5470,0
3,9961615,10223631,39,19369,16,944,-32,106,7016,0,3888,0,4271,0,6807,0,4211,0,6177,0,8461,0,6906,0
3,9961615,10223631,39,58107,17,990,-31,105,4685,0,6692,0,4321,0,5064,0,5426,0,3143,0,6129,0,6354,0
3,9961615,10223631,39,43249,18,1030,-34,106,4338,0,4652,0,5344,0,5168,0,7982,0,6277,0,3526,0,6923,0
3,9961615,10223631,39,64211,19,1040,-33,104,6871,0,7018,0,5185,0,4170,0,6816,0,8433,0,3357,0,4685,0
3,9961615,10223631,39,61561,20,1145,-33,106,7671,0,5431,0,7002,0,7565,0,4587,0,6150,0,5796,0,6394,0
3,9961615,10223631,39,53611,21,1155,-34,106,5324,0,6558,0,5180,0,7421,0,2971,0,5353,0,3579,0,6729,0
3,9961615,10223631,39,29761,22,1198,-33,106,5508,0,4301,0,4789,0,7659,0,7759,0,4264,0,3801,0,3309,0
3,9961615,10223631,39,23747,23,1260,-33,106,3698,0,5167,0,7034,0,4478,0,6525,0,5329,0,8758,0,5668,0
3,9961615,10223631,39,5705,24,1268,-35,100,3534,0,6222,0,4257,0,4740,0,7962,0,5625,0,6642,0,3771,0
3,9961615,10223631,39,17115,25,1306,-33,105,4865,0,6195,0,4196,0,5035,0,7195,0,4168,0,7205,0,4431,0
3,9961615,10223631,39,51345,26,1348,-33,105,4972,0,9236,0,6909,0,4418,0,3304,0,5161,0,6058,0,5240,0
3,9961615,10223631,39,22963,27,1437,-33,105,5794,0,6241,0,4410,0,4153,0,4913,0,5458,0,5659,0,4285,0
3,9961615,10223631,39,3353,28,1447,-33,106,6111,0,7257,0,5069,0,9504,0,3898,0,5479,0,5456,0,7713,0
3,9961615,10223631,39,10059,29,1495,-33,105,4753,0,4678,0,3312,0,4364,0,6713,0,5709,0,4797,0,6496,0
3,9961615,10223631,39,30177,30,1517,-33,94,4698,0,7723,0,7298,0,8374,0,3226,0,6041,0,5362,0,6442,0
3,9961615,10223631,39,24995,31,1554,-33,106,3552,0,5857,0,8190,0,4927,0,4202,0,5994,0,4687,0,5935,0
3,9961615,10223631,39,9449,32,1661,-33,104,4771,0,4548,0,7351,0,6592,0,5265,0,7383,0,5657,0,3651,0
3,9961615,10223631,39,28347,33,1664,-33,106,3753,0,6003,0,6656,0,5953,0,4993,0,5228,0,7700,0,7439,0
3,9961615,10223631,39,19505,34,1677,-33,105,8065,0,4604,0,5261,0,5498,0,6162,0,8994,0,4198,0,4699,0
3,9961615,10223631,39,58515,35,1783,-33,103,5514,0,3422,0,5837,0,7113,0,4352,0,3536,0,5469,0,4491,0
3,9961615,10223631,39,44473,36,1813,-33,102,5323,0,4679,0,6786,0,6660,0,5971,0,7047,0,4719,0,3986,0
3,9961615,10223631,39,2347,37,1870,-34,101,3689,0,8391,0,3476,0,6868,0,3799,0,4976,0,6022,0,8077,0
3,9961615,10223631,39,7041,38,1873,-33,103,7054,0,4924,0,5257,0,5956,0,4734,0,4046,0,6178,0,4821,0
3,9961615,10223631,39,21123,39,1899,-33,104,7115,0,4454,0,6410,0,2908,0,6536,0,3413,0,6304,0,6584,0
3,9961615,10223631,39,63369,40,1976,-33,103,5657,0,6046,0,5070,0,5341,0,6084,0,7320,0,7082,0,5268,0
3,9961615,10223631,39,59035,41,1982,-33,103,6672,0,3662,0,6939,0,5105,0,5434,0,4400,0,5699,0,5450,0
3,9961615,10223631,39,46033,42,2082,-33,106,6025,0,3848,0,6155,0,4627,0,3529,0,5136,0,3747,0,2962,0
3,10223759,10485775,40,21081,0,36,-33,107,6617,0,6939,0,2478,0,4696,0,6308,0,7256,0,2672,0,4637,0
3,10223759,10485775,40,63243,1,74,-33,106,4875,0,4561,0,4893,0,4437,0,6825,0,5861,0,4150,0,2768,0
3,10223759,10485775,40,58657,2,171,-33,105,6835,0,4227,0,3703,0,3829,0,3357,0,7073,0,6804,0,2541,0
3,10223759,10485775,40,44899,3,250,-31,105,3775,0,10006,0,2699,0,5710,0,5692,0,6042,0,3841,0,5998,0
3,10223759,10485775,40,3625,4,270,-31,104,5897,0,5555,0,6763,0,5396,0,4828,0,2682,0,4247,0,3682,0
3,10223759,10485775,40,10875,5,312,-32,105,6719,0,5068,0,5020,0,5309,0,4374,0,5464,0,4741,0,4515,0
3,10223759,10485775,40,32625,6,347,-32,106,4363,0,3435,0,5470,0,7207,0,6886,0,4917,0,4450,0,5596,0
3,10223759,10485775,40,32339,7,385,-34,103,6354,0,6203,0,5922,0,5546,0,5576,0,5662,0,6112,0,6705,0
3,10223759,10485775,40,31481,8,401,-34,103,4363,0,5085,0,4373,0,6206,0,5766,0,4454,0,6646,0,2853,0
3,10223759,10485775,40,28907,9,408,-34,105,2734,0,2609,0,3576,0,5842,0,6621,0,8078,0,5183,0,5360,0
3,10223759,10485775,40,21185,10,503,-33,106,5443,0,3929,0,5433,0,2783,0,6147,0,4991,0,3185,0,4380,0
3,10223759,10485775,40,63555,11,516,-35,105,4415,0,5061,0,6443,0,3860,0,6815,0,4978,0,4548,0,3943,0
3,10223759,10485775,40,59593,12,528,-34,106,2264,0,5440,0,4262,0,3825,0,5804,0,8107,0,5696,0,4757,0
3,10223759,10485775,40,47707,13,530,-33,106,1439,0,5188,0,3343,0,4357,0,5039,0,4001,0,5403,0,5569,0
3,10223759,10485775,40,12049,14,541,-33,105,3271,0,4644,0,4316,0,3664,0,4969,0,4373,0,4733,0,4479,0
3,10223759,10485775,40,36147,15,586,-32,103,4874,0,4317,0,4841,0,6405,0,4889,0,3503,0,5679,0,4821,0
3,10223759,10485775,40,42905,16,726,-34,106,6807,0,3306,0,3894,0,6512,0,3528,0,5171,0,6728,0,6204,0
3,10223759,10485775,40,63179,17,740,-34,104,4382,0,5671,0,3611,0,4890,0,4459,0,3460,0,5076,0,6453,0
3,10223759,10485775,40,58465,18,886,-34,107,4149,0,4691,0,5112,0,3962,0,6714,0,6086,0,3263,0,6451,0
3,10223759,10485775,40,44323,19,1013,-33,102,6222,0,6332,0,4935,0,3681,0,5348,0,7957,0,2951,0,4834,0
3,10223759,10485775,40,1897,20,1080,-33,104,6886,0,5134,0,6798,0,7155,0,4166,0,6370,0,4972,0,5947,0
3,10223759,10485775,40,5691,21,1141,-34,106,4606,0,5792,0,4640,0,5841,0,2747,0,5190,0,3507,0,6151,0
3,10223759,10485775,40,17073,22,1142,-33,106,5403,0,3203,0,4249,0,5880,0,5741,0,4004,0,3610,0,2864,0
3,10223759,10485775,40,51219,23,1160,-35,86,2722,0,4478,0,6197,0,3018,0,5794,0,4211,0,8343,0,4758,0
3,10223759,10485775,40,22585,24,1241,-34,107,3112,0,5212,0,3859,0,4792,0,7453,0,4735,0,5624,0,2904,0
3,10223759,10485775,40,2219,25,1262,-33,101,4962,0,4925,0,3805,0,4493,0,6555,0,3138,0,7154,0,3713,0
3,10223759,10485775,40,6657,26,1287,-33,106,4800,0,8112,0,5597,0,3920,0,3443,0,4583,0,5064,0,4791,0
3,10223759,10485775,40,19971,27,1307,-32,105,5315,0,5063,0,3762,0,3951,0,4681,0,4848,0,5105,0,3998,0
3,10223759,10485775,40,59913,28,1432,-33,107,4653,0,5765,0,4640,0,8106,0,3598,0,5372,0,4573,0,6297,0
3,10223759,10485775,40,48667,29,1579,-33,106,3907,0,4225,0,2861,0,3809,0,6600,0,5266,0,5012,0,5822,0
3,10223759,10485775,40,14929,30,1594,-33,107,3836,0,5684,0,7155,0,8411,0,2085,0,5707,0,4088,0,5725,0
3,10223759,10485775,40,44787,31,1619,-33,103,2786,0,4550,0,7805,0,4570,0,3521,0,4584,0,3287,0,5269,0
3,10223759,10485775,40,3289,32,1688,-32,104,4626,0,3830,0,7135,0,5657,0,4611,0,7400,0,3533,0,2621,0
3,10223759,10485775,40,9867,33,1697,-32,105,3005,0,5347,0,6348,0,4780,0,4788,0,4685,0,6475,0,6538,0
3,10223759,10485775,40,29601,34,1705,-33,107,6744,0,3141,0,4849,0,5761,0,5592,0,8057,0,3791,0,4163,0
3,10223759,10485775,40,23267,35,1742,-33,105,4951,0,3249,0,5083,0,5798,0,4275,0,3224,0,4989,0,3951,0
3,10223759,10485775,40,4265,36,1781,-32,107,4444,0,4619,0,6337,0,5255,0,4488,0,6070,0,4245,0,3313,0
3,10223759,10485775,40,12795,37,1788,-32,104,3284,0,7331,0,2954,0,6214,0,3813,0,4555,0,5563,0,7352,0
3,10223759,10485775,40,38385,38,1814,-32,103,6445,0,3998,0,5020,0,5196,0,4139,0,3478,0,5904,0,3897,0
3,10223759,10485775,40,49619,39,1869,-33,102,6635,0,4613,0,5568,0,2575,0,5500,0,3500,0,4775,0,6054,0
3,10223759,10485775,40,17785,40,1956,-32,103,5454,0,4893,0,4509,0,4683,0,5509,0,5633,0,7047,0,4953,0
3,10223759,10485775,40,53355,41,2035,-32,105,5519,0,3038,0,6510,0,4068,0,4864,0,4074,0,4518,0,4807,0
3,10223759,10485775,40,28993,42,2055,-33,106,4785,0,3372,0,5416,0,4183,0,3164,0,4586,0,3457,0,3000,0
3,10223759,10485775,40,21443,43,2067,-32,107,4992,0,5637,0,5218,0,3410,0,5869,0,5047,0,4924,0,3329,0
3,10223759,10485775,40,64329,44,2094,-33,107,6468,0,3529,0,5808,0,5520,0,4539,0,4043,0,6863,0,2889,0
3,10485903,10747919,41,54673,0,18,-33,104,8053,0,7206,0,3010,0,6270,0,7105,0,7913,0,3753,0,4858,0
3,10485903,10747919,41,32947,1,29,-33,108,5720,0,4790,0,5548,0,4618,0,8359,0,7003,0,5543,0,3736,0
3,10485903,10747919,41,33305,2,39,-31,106,7635,0,5042,0,3727,0,5481,0,4254,0,8251,0,6959,0,3155,0
3,10485903,10747919,41,34379,3,99,-33,107,5011,0,10410,0,2988,0,5505,0,6188,0,7358,0,4417,0,6173,0
3,10485903,10747919,41,37601,4,214,-32,106,7235,0,5742,0,8156,0,6429,0,5944,0,3087,0,5063,0,3943,0
3,10485903,10747919,41,47267,5,333,-35,102,7724,0,6559,0,5426,0,6135,0,5204,0,6396,0,5457,0,5044,0
3,10485903,10747919,41,10729,6,358,-35,105,4925,0,3853,0,6641,0,9377,0,7053,0,5628,0,4582,0,6275,0
3,10485903,10747919,41,32187,7,465,-33,103,6779,0,7420,0,6319,0,6024,0,6256,0,7330,0,6585,0,7677,0
3,10485903,10747919,41,31025,8,487,-32,102,4657,0,5993,0,4713,0,6993,0,5984,0,4920,0,6477,0,3552,0
3,10485903,10747919,41,27539,9,502,-32,105,3019,0,2868,0,3769,0,6220,0,7200,0,8367,0,5358,0,5593,0
3,10485903,10747919,41,17081,10,772,-34,102,6688,0,4378,0,6350,0,3400,0,6601,0,5891,0,3070,0,4610,0
3,10485903,10747919,41,51243,11,832,-34,105,4960,0,6555,0,7643,0,4004,0,7120,0,5888,0,4873,0,3763,0
3,10485903,10747919,41,22657,12,912,-33,103,2773,0,6156,0,4784,0,4421,0,7191,0,9078,0,5986,0,6645,0
3,10485903,10747919,41,2435,13,969,-29,106,2139,0,5733,0,4057,0,5143,0,6056,0,5064,0,5780,0,6245,0
3,10485903,10747919,41,7305,14,983,-30,101,3695,0,5446,0,4488,0,4609,0,6136,0,4717,0,4947,0,4954,0
3,10485903,10747919,41,21915,15,991,-35,102,5520,0,5131,0,4666,0,6692,0,5057,0,3632,0,6667,0,5490,0
3,10485903,10747919,41,209,16,1014,-30,106,7773,0,4005,0,4345,0,6619,0,4006,0,5834,0,7702,0,7156,0
3,10485903,10747919,41,627,17,1025,-30,104,5084,0,6124,0,4832,0,4839,0,5284,0,3625,0,6230,0,6681,0
3,10485903,10747919,41,1881,18,1180,-32,106,4447,0,4862,0,5780,0,5020,0,8025,0,6417,0,3686,0,7150,0
3,10485903,10747919,41,5643,19,1185,-32,106,7031,0,6852,0,5325,0,4009,0,6790,0,8754,0,3368,0,4783,0
3,10485903,10747919,41,16929,20,1202,-32,106,7346,0,5610,0,7067,0,7276,0,4357,0,6293,0,5979,0,6471,0
3,10485903,10747919,41,50787,21,1224,-31,100,5254,0,6846,0,5108,0,6765,0,3118,0,5571,0,3625,0,6742,0
3,10485903,10747919,41,21289,22,1315,-32,102,5236,0,3883,0,4925,0,6899,0,7757,0,4240,0,4052,0,3195,0
3,10485903,10747919,41,63867,23,1430,-31,101,3325,0,5524,0,7464,0,4091,0,6597,0,5286,0,8653,0,6269,0
3,10485903,10747919,41,60529,24,1449,-32,102,3098,0,6385,0,4329,0,5071,0,8352,0,5860,0,7049,0,3840,0
3,10485903,10747919,41,50515,25,1472,-31,97,4976,0,5657,0,4028,0,4699,0,7779,0,3599,0,7905,0,4247,0
3,10485903,10747919,41,20473,26,1521,-32,104,5076,0,9348,0,6851,0,4280,0,3706,0,5185,0,5865,0,5706,0
3,10485903,10747919,41,61419,27,1587,-33,102,6162,0,6528,0,4116,0,4391,0,4941,0,5171,0,5693,0,4317,0
3,10485903,10747919,41,53185,28,1623,-33,104,6419,0,6846,0,4965,0,9603,0,4089,0,5535,0,5419,0,7037,0
3,10485903,10747919,41,28483,29,1633,-33,105,4899,0,4823,0,3266,0,4274,0,6818,0,5758,0,5208,0,6838,0
3,10485903,10747919,41,19913,30,1693,-31,106,4632,0,7736,0,7217,0,8719,0,3285,0,6267,0,5272,0,6357,0
3,10485903,10747919,41,59739,31,1698,-31,101,3714,0,6143,0,8011,0,4979,0,4475,0,5949,0,4906,0,5740,0
3,10485903,10747919,41,48145,32,1730,-33,103,4442,0,4578,0,7490,0,6020,0,5255,0,7795,0,5000,0,3744,0
3,10485903,10747919,41,13363,33,1764,-32,104,4019,0,6166,0,6907,0,6209,0,5010,0,5479,0,7831,0,7483,0
3,10485903,10747919,41,40089,34,1783,-31,105,7718,0,4178,0,5049,0,5950,0,6532,0,8875,0,4221,0,4783,0
3,10485903,10747919,41,54731,35,1800,-32,105,6394,0,3718,0,5265,0,6684,0,4197,0,3692,0,5448,0,4282,0
3,10485903,10747919,41,33121,36,1864,-38,103,5465,0,5038,0,6309,0,6557,0,6392,0,6729,0,4593,0,3878,0
3,10485903,10747919,41,33827,37,1864,-38,104,3488,0,8668,0,3529,0,6491,0,4057,0,4664,0,5421,0,7251,0
3,10485903,10747919,41,35945,38,1930,-31,102,6528,0,5385,0,5458,0,5810,0,4672,0,4493,0,7009,0,4606,0
3,10485903,10747919,41,42299,39,1941,-32,104,7029,0,4836,0,6702,0,2956,0,6343,0,3726,0,6447,0,6534,0
3,10485903,10747919,41,61361,40,1958,-32,102,6281,0,5768,0,4954,0,5530,0,5799,0,7156,0,7190,0,5923,0
3,10485903,10747919,41,53011,41,2028,-31,100,7041,0,3376,0,6911,0,4586,0,5348,0,4378,0,5687,0,5345,0
3,10485903,10747919,41,27961,42,2069,-31,105,5992,0,3722,0,6165,0,4505,0,3748,0,4965,0,4337,0,2714,0
3,10748047,11010063,42,55041,0,35,-32,107,6954,0,6724,0,2515,0,5498,0,6794,0,7093,0,2621,0,4704,0
3,10748047,11010063,42,34051,1,163,-32,105,4614,0,4172,0,5160,0,4481,0,7341,0,5895,0,4211,0,3024,0
3,10748047,11010063,42,36617,2,184,-31,106,6687,0,3817,0,3598,0,4166,0,3969,0,6552,0,6846,0,2670,0
3,10748047,11010063,42,44315,3,336,-31,104,3407,0,10363,0,2724,0,5485,0,5518,0,6332,0,4079,0,6217,0
3,10748047,11010063,42,1873,4,468,-31,104,5917,0,5183,0,7120,0,5591,0,5389,0,2891,0,4757,0,3441,0
3,10748047,11010063,42,5619,5,488,-31,104,6797,0,4989,0,4256,0,4737,0,4429,0,6320,0,4905,0,4787,0
3,10748047,11010063,42,16857,6,517,-31,102,4750,0,3086,0,5960,0,7833,0,6527,0,4976,0,4360,0,5641,0
3,10748047,11010063,42,50571,7,579,-33,102,6004,0,7199,0,5819,0,5249,0,5528,0,5867,0,6199,0,6237,0
3,10748047,11010063,42,20641,8,695,-34,107,4562,0,5131,0,4226,0,6214,0,4851,0,4760,0,6467,0,2813,0
3,10748047,11010063,42,61923,9,697,-34,100,2336,0,2729,0,3445,0,6014,0,6656,0,7837,0,5513,0,4758,0
3,10748047,11010063,42,54697,10,743,-33,106,5848,0,3529,0,5894,0,2766,0,6076,0,5375,0,2992,0,4111,0
3,10748047,11010063,42,33019,11,870,-33,103,3584,0,4763,0,6828,0,3297,0,6954,0,5057,0,4026,0,3355,0
3,10748047,11010063,42,33521,12,879,-33,106,2529,0,4855,0,4278,0,3971,0,6071,0,7887,0,5665,0,5521,0
3,10748047,11010063,42,35027,13,966,-33,104,1572,0,4940,0,3428,0,3934,0,4836,0,4068,0,5083,0,5504,0
3,10748047,11010063,42,39545,14,985,-33,104,3260,0,4429,0,3556,0,4141,0,5534,0,4035,0,4082,0,4558,0
3,10748047,11010063,42,53099,15,994,-33,105,5143,0,5048,0,4868,0,6138,0,4955,0,3486,0,6123,0,5096,0
3,10748047,11010063,42,28225,16,1073,-33,106,7206,0,3009,0,3396,0,6587,0,3505,0,5092,0,6957,0,6335,0
3,10748047,11010063,42,19139,17,1083,-33,106,4736,0,5439,0,4007,0,4520,0,4674,0,3527,0,4691,0,6720,0
3,10748047,11010063,42,57417,18,1101,-33,103,4206,0,4154,0,5273,0,4420,0,7314,0,5997,0,3269,0,6198,0
3,10748047,11010063,42,41179,19,1195,-33,102,5874,0,6911,0,3994,0,4046,0,5992,0,7584,0,2858,0,4151,0
3,10748047,11010063,42,58001,20,1253,-33,105,6331,0,4772,0,6517,0,7131,0,4329,0,5405,0,5140,0,5840,0
3,10748047,11010063,42,42931,21,1274,-33,99,4379,0,6575,0,4531,0,6115,0,2836,0,5305,0,3054,0,6180,0
3,10748047,11010063,42,63257,22,1456,-33,104,5627,0,2922,0,4053,0,6055,0,5303,0,3736,0,3691,0,2697,0
3,10748047,11010063,42,58699,23,1476,-34,102,3271,0,4963,0,5830,0,3672,0,5553,0,3765,0,8879,0,5350,0
3,10748047,11010063,42,45025,24,1526,-34,102,2695,0,5289,0,4487,0,4761,0,7714,0,5101,0,5481,0,2335,0
3,10748047,11010063,42,4003,25,1532,-34,101,4504,0,4650,0,4002,0,4126,0,6490,0,3461,0,7158,0,4057,0
3,10748047,11010063,42,12009,26,1745,-33,100,4729,0,8243,0,6195,0,3951,0,3305,0,4672,0,5383,0,4892,0
3,10748047,11010063,42,36027,27,1788,-31,105,5051,0,6034,0,3456,0,3877,0,4802,0,4819,0,4904,0,4044,0
3,10748047,11010063,42,42545,28,1843,-31,106,5205,0,6044,0,4433,0,8250,0,3420,0,4800,0,4714,0,6824,0
3,10748047,11010063,42,62099,29,1980,-31,106,3422,0,4061,0,2807,0,3209,0,6543,0,5407,0,4683,0,5993,0
3,10748047,11010063,42,55225,30,1993,-31,103,3887,0,5675,0,7096,0,8362,0,2559,0,5633,0,4216,0,5759,0
3,10748047,11010063,42,34603,31,2035,-32,106,2978,0,5863,0,7663,0,4460,0,3465,0,4760,0,3883,0,4722,0
3,10748047,11010063,42,38273,32,2085,-31,107,4579,0,3965,0,6585,0,5572,0,4184,0,7163,0,3963,0,2643,0
3,10748047,11010063,42,49283,33,2123,-33,104,2880,0,5722,0,6299,0,5784,0,4445,0,4972,0,6334,0,6455,0
3,10748047,11010063,42,16777,34,2128,-32,104,6809,0,3461,0,4675,0,5512,0,5530,0,7925,0,3377,0,4585,0
3,11010191,11272207,43,19921,0,46,-33,103,8028,0,7639,0,2607,0,6383,0,7330,0,8003,0,3372,0,5320,0
3,11010191,11272207,43,59763,1,80,-32,102,5717,0,5069,0,4959,0,5186,0,7825,0,7046,0,5426,0,3444,0
3,11010191,11272207,43,48217,2,118,-31,99,7172,0,4706,0,3661,0,5116,0,4430,0,7978,0,7803,0,3185,0
3,11010191,11272207,43,13579,3,218,-33,78,5336,0,10907,0,2853,0,5707,0,6402,0,7026,0,4626,0,6196,0
3,11010191,11272207,43,40737,4,227,-33,103,6844,0,5875,0,8025,0,6553,0,5840,0,3036,0,4771,0,3963,0
3,11010191,11272207,43,56675,5,301,-31,106,7627,0,5938,0,5044,0,5952,0,5188,0,6408,0,5538,0,5184,0
3,11010191,11272207,43,38953,6,357,-33,103,4851,0,3614,0,6402,0,8862,0,7130,0,5826,0,4284,0,6369,0
3,11010191,11272207,43,51323,7,409,-32,103,6565,0,7258,0,6104,0,5798,0,6186,0,7511,0,7014,0,7251,0
3,11010191,11272207,43,22897,8,440,-30,104,4785,0,5600,0,4973,0,7491,0,6374,0,4981,0,6952,0,4085,0
3,11010191,11272207,43,3155,9,539,-33,102,3264,0,2993,0,3461,0,6212,0,7097,0,7878,0,5581,0,5455,0
3,11010191,11272207,43,9465,10,568,-35,99,6617,0,4064,0,6428,0,3599,0,6498,0,6031,0,3853,0,4804,0
3,11010191,11272207,43,28395,11,637,-36,96,5412,0,6113,0,8030,0,3969,0,7363,0,5485,0,4655,0,3813,0
3,11010191,11272207,43,19649,12,698,-35,99,2727,0,5702,0,4778,0,4524,0,6788,0,8998,0,6309,0,5955,0
3,11010191,11272207,43,58947,13,713,-35,104,2085,0,5818,0,4036,0,5512,0,5726,0,5209,0,6173,0,6536,0
3,11010191,11272207,43,45769,14,718,-35,98,3725,0,4902,0,4415,0,4357,0,6173,0,4396,0,5205,0,4997,0
3,11010191,11272207,43,6235,15,881,-36,99,5173,0,5113,0,4603,0,6432,0,5123,0,3506,0,6864,0,5704,0
3,11010191,11272207,43,18705,16,898,-36,101,7688,0,4039,0,4701,0,6759,0,3932,0,6047,0,8162,0,6581,0
3,11010191,11272207,43,56115,17,971,-37,102,5160,0,6746,0,4740,0,5104,0,5491,0,3205,0,6493,0,6709,0
3,11010191,11272207,43,37273,18,1028,-38,100,4502,0,4687,0,5377,0,5028,0,8047,0,6206,0,3418,0,6887,0
3,11010191,11272207,43,46283,19,1091,-33,101,7239,0,6739,0,5316,0,4165,0,6732,0,8282,0,3241,0,5205,0
3,11010191,11272207,43,7777,20,1165,-40,98,6868,0,5922,0,7410,0,7490,0,4665,0,6366,0,6162,0,6597,0
3,11010191,11272207,43,23331,21,1229,-37,97,5488,0,7602,0,5588,0,7251,0,3257,0,5791,0,3279,0,6858,0
3,11010191,11272207,43,4457,22,1339,-33,100,5481,0,3799,0,4988,0,7326,0,7560,0,4233,0,3841,0,3599,0
3,11010191,11272207,43,13371,23,1367,-32,107,3664,0,5766,0,7245,0,4655,0,6452,0,5557,0,9126,0,6089,0
3,11010191,11272207,43,40113,24,1370,-32,106,3464,0,5821,0,4434,0,4872,0,8379,0,5781,0,6946,0,3488,0
3,11010191,11272207,43,54803,25,1480,-38,105,4937,0,5440,0,4471,0,4635,0,7822,0,3648,0,7636,0,4206,0
3,11010191,11272207,43,33337,26,1509,-39,105,4614,0,9337,0,6452,0,4218,0,3457,0,5116,0,6139,0,5917,0
3,11010191,11272207,43,34475,27,1532,-36,101,6086,0,6434,0,3983,0,4077,0,5077,0,5510,0,5781,0,4197,0
3,11010191,11272207,43,37889,28,1590,-37,95,6554,0,7311,0,4990,0,9109,0,3735,0,5285,0,5372,0,7582,0
3,11010191,11272207,43,48131,29,1716,-37,102,4861,0,4571,0,2978,0,4058,0,6543,0,5937,0,4945,0,6449,0
3,11010191,11272207,43,13321,30,1802,-34,102,4701,0,7666,0,7712,0,8497,0,3060,0,5780,0,4992,0,5982,0
3,11010191,11272207,43,39963,31,1840,-34,102,3893,0,6026,0,7861,0,4858,0,4302,0,6227,0,4333,0,5889,0
3,11010191,11272207,43,54353,32,1846,-35,103,4695,0,4653,0,7429,0,7048,0,5232,0,7011,0,5364,0,4095,0
3,11010191,11272207,43,31987,33,1891,-38,106,3275,0,6142,0,6927,0,6348,0,4823,0,5694,0,7664,0,7301,0
3,11010191,11272207,43,30425,34,1933,-38,107,7901,0,4278,0,5236,0,5587,0,6647,0,8342,0,4283,0,4452,0
3,11010191,11272207,43,25739,35,1958,-37,106,6131,0,3665,0,5522,0,7030,0,3949,0,3544,0,5287,0,4067,0
3,11010191,11272207,43,11681,36,1962,-38,95,5280,0,5246,0,7094,0,5466,0,6852,0,6854,0,4800,0,4412,0
3,11010191,11272207,43,35043,37,1968,-37,108,3486,0,8371,0,3721,0,6772,0,4021,0,5086,0,5939,0,8202,0
3,11010191,11272207,43,39593,38,1984,-37,101,7230,0,5362,0,5301,0,5669,0,4701,0,4408,0,6553,0,4450,0
3,11010191,11272207,43,53243,39,2097,-35,106,6890,0,4738,0,6849,0,2532,0,6460,0,3467,0,6029,0,6723,0
3,11272335,11534351,44,28657,0,14,-36,104,7040,0,5615,0,2256,0,5689,0,6530,0,7041,0,2805,0,4445,0
3,11272335,11534351,44,20435,1,132,-37,104,4805,0,4035,0,5021,0,4471,0,7064,0,6606,0,4390,0,3209,0
3,11272335,11534351,44,61305,2,142,-37,101,6630,0,3688,0,3567,0,4378,0,4036,0,6439,0,6674,0,2680,0
3,11272335,11534351,44,52843,3,169,-37,105,4061,0,9495,0,2203,0,5552,0,5805,0,5760,0,3869,0,6476,0
3,11272335,11534351,44,27457,4,206,-35,105,6240,0,4561,0,7014,0,5683,0,5535,0,2976,0,4667,0,3151,0
3,11272335,11534351,44,16835,5,221,-37,103,6578,0,5103,0,4574,0,4668,0,4714,0,6089,0,5303,0,4129,0
3,11272335,11534351,44,50505,6,247,-36,104,4715,0,3199,0,5859,0,8344,0,6146,0,4896,0,4107,0,4895,0
3,11272335,11534351,44,20443,7,318,-37,102,5521,0,6671,0,4847,0,5359,0,5269,0,6416,0,6564,0,5958,0
3,11272335,11534351,44,61329,8,428,-31,105,4894,0,4920,0,4595,0,6285,0,5065,0,4674,0,6001,0,3824,0
3,11272335,11534351,44,52915,9,549,-31,101,2352,0,2708,0,3232,0,5694,0,5939,0,7488,0,5069,0,5413,0
3,11272335,11534351,44,27673,10,564,-31,106,5729,0,3802,0,5901,0,2760,0,6265,0,5229,0,3578,0,4150,0
3,11272335,11534351,44,17483,11,583,-34,104,4228,0,5120,0,7058,0,3147,0,7017,0,4485,0,4197,0,3219,0
3,11272335,11534351,44,52449,12,623,-36,102,2506,0,4215,0,4959,0,4059,0,6508,0,8072,0,5189,0,6215,0
3,11272335,11534351,44,26275,13,633,-35,106,1508,0,4873,0,3358,0,3845,0,5245,0,4723,0,4895,0,5326,0
3,11272335,11534351,44,13289,14,655,-35,104,3517,0,4150,0,3787,0,4039,0,5420,0,4240,0,4523,0,4162,0
3,11272335,11534351,44,39867,15,663,-38,106,4938,0,5270,0,4903,0,6192,0,4930,0,3420,0,6238,0,5390,0
3,11272335,11534351,44,54065,16,717,-35,103,6650,0,3406,0,4340,0,5586,0,3540,0,4946,0,7172,0,6264,0
3,11272335,11534351,44,31123,17,737,-35,101,4930,0,5983,0,3678,0,4627,0,4628,0,3230,0,5234,0,6747,0
3,11272335,11534351,44,27833,18,841,-32,105,4331,0,4007,0,5332,0,4386,0,7542,0,5988,0,3503,0,6411,0
3,11272335,11534351,44,17963,19,950,-32,105,5512,0,6613,0,4395,0,3605,0,6420,0,7529,0,2633,0,3836,0
3,11272335,11534351,44,53889,20,990,-31,105,5894,0,5150,0,6746,0,6543,0,4452,0,4918,0,5301,0,5477,0
3,11272335,11534351,44,30595,21,1002,-31,106,4665,0,6372,0,4742,0,5594,0,3122,0,6025,0,2733,0,6629,0
3,11272335,11534351,44,26249,22,1179,-31,106,5309,0,2833,0,4712,0,6223,0,5730,0,3761,0,3148,0,3545,0
3,11272335,11534351,44,13211,23,1308,-31,104,2868,0,5029,0,6579,0,3777,0,5157,0,4066,0,8211,0,5660,0
3,11272335,11534351,44,39633,24,1330,-31,105,2806,0,5542,0,4220,0,4588,0,7306,0,4842,0,5224,0,2830,0
3,11272335,11534351,44,53363,25,1357,-32,103,4401,0,4495,0,3961,0,4517,0,6352,0,3277,0,6750,0,3675,0
3,11272335,11534351,44,29017,26,1365,-32,105,4710,0,8220,0,5848,0,4052,0,3328,0,4514,0,5018,0,5129,0
3,11272335,11534351,44,21515,27,1500,-32,106,5191,0,5888,0,3469,0,3973,0,4699,0,4832,0,5202,0,3778,0
3,11272335,11534351,44,64545,28,1561,-36,107,5544,0,5972,0,4255,0,8687,0,3159,0,4884,0,4394,0,7002,0
3,11272335,11534351,44,62563,29,1609,-37,103,4239,0,4246,0,2902,0,3380,0,6650,0,5202,0,5026,0,5732,0
3,11272335,11534351,44,56617,30,1669,-37,104,3622,0,6381,0,7104,0,8711,0,2905,0,5743,0,3744,0,5401,0
3,11272335,11534351,44,38779,31,1775,-37,107,3116,0,5570,0,6982,0,3910,0,3811,0,4876,0,3626,0,5162,0
3,11272335,11534351,44,50801,32,1847,-37,105,4176,0,3985,0,6818,0,5338,0,4231,0,6485,0,4206,0,3222,0
3,11272335,11534351,44,21331,33,1883,-33,104,2832,0,5319,0,6706,0,5491,0,4530,0,5186,0,6421,0,6271,0
3,11272335,11534351,44,63993,34,2040,-33,100,7508,0,3545,0,4629,0,5335,0,5709,0,7718,0,3799,0,4389,0
3,11534479,11796495,45,51649,0,75,-33,105,7753,0,7802,0,2571,0,6422,0,7337,0,7392,0,3262,0,5613,0
3,11534479,11796495,45,23875,1,91,-33,104,5324,0,5090,0,5044,0,4877,0,8100,0,6091,0,5623,0,3248,0
3,11534479,11796495,45,6089,2,159,-33,106,7484,0,4951,0,3938,0,5323,0,4286,0,8688,0,7396,0,2977,0
3,11534479,11796495,45,18267,3,206,-33,105,5411,0,10527,0,2845,0,5946,0,6585,0,7373,0,4831,0,6448,0
3,11534479,11796495,45,54801,4,219,-34,105,7236,0,5537,0,8249,0,6331,0,6643,0,2484,0,5219,0,3612,0
3,11534479,11796495,45,33331,5,238,-33,103,7364,0,6295,0,5252,0,5808,0,5155,0,6678,0,5323,0,5145,0
3,11534479,11796495,45,34457,6,242,-33,107,4994,0,4087,0,6388,0,9411,0,7211,0,5867,0,4760,0,6179,0
3,11534479,11796495,45,37835,7,291,-33,106,6510,0,7276,0,6680,0,5761,0,6113,0,7093,0,6990,0,7593,0
3,11534479,11796495,45,47969,8,302,-33,106,4408,0,5338,0,4741,0,7166,0,5898,0,5212,0,7006,0,4089,0
3,11534479,11796495,45,12835,9,356,-33,105,3112,0,2938,0,3938,0,6412,0,7559,0,8278,0,5687,0,5488,0
3,11534479,11796495,45,38505,10,424,-32,106,6755,0,3933,0,6833,0,3558,0,6685,0,5875,0,4107,0,4809,0
3,11534479,11796495,45,49979,11,622,-33,105,4925,0,5987,0,7849,0,4033,0,7051,0,5030,0,4846,0,3670,0
3,11534479,11796495,45,18865,12,655,-32,102,2919,0,5666,0,5009,0,4590,0,7040,0,8239,0,5933,0,6651,0
3,11534479,11796495,45,56595,13,670,-32,105,2039,0,5180,0,3598,0,5010,0,5750,0,5470,0,5851,0,5723,0
3,11534479,11796495,45,38713,14,872,-36,103,3541,0,5165,0,4779,0,4841,0,6570,0,4734,0,4809,0,5033,0
3,11534479,11796495,45,50603,15,1039,-38,100,5232,0,4905,0,4835,0,6233,0,4578,0,3721,0,6661,0,5678,0
3,11534479,11796495,45,20737,16,1132,-37,104,7306,0,3573,0,4833,0,6898,0,4174,0,5772,0,8581,0,7426,0
3,11534479,11796495,45,62211,17,1147,-37,103,5144,0,6680,0,4026,0,5324,0,4883,0,3683,0,5456,0,6340,0
3,11534479,11796495,45,55561,18,1180,-37,103,4450,0,4751,0,5798,0,4825,0,7447,0,6303,0,3689,0,7268,0
3,11534479,11796495,45,35611,19,1252,-37,103,6378,0,6953,0,5105,0,4354,0,7035,0,8670,0,3200,0,4979,0
3,11534479,11796495,45,41297,20,1316,-38,105,7463,0,5573,0,7173,0,7220,0,4376,0,6221,0,5733,0,6225,0
3,11534479,11796495,45,58355,21,1337,-38,98,4907,0,7567,0,5238,0,6599,0,3331,0,5741,0,3745,0,6907,0
3,11534479,11796495,45,43993,22,1364,-38,98,5612,0,4330,0,5170,0,7779,0,7626,0,3906,0,3941,0,3441,0
3,11534479,11796495,45,907,23,1541,-39,105,3274,0,5615,0,7400,0,4597,0,5934,0,5113,0,8648,0,5798,0
3,11534479,11796495,45,2721,24,1704,-38,99,3397,0,6166,0,4353,0,5069,0,8538,0,5255,0,6531,0,3951,0
3,11534479,11796495,45,8163,25,1753,-38,105,4923,0,6122,0,3890,0,5003,0,8050,0,4027,0,7706,0,4148,0
3,11534479,11796495,45,24489,26,1792,-36,104,4999,0,9143,0,6914,0,4173,0,3376,0,5505,0,5716,0,5350,0
3,11534479,11796495,45,7931,27,1911,-37,104,5944,0,6699,0,4356,0,4112,0,5143,0,5315,0,5290,0,4199,0
3,11534479,11796495,45,23793,28,1982,-36,104,5531,0,6677,0,4922,0,9617,0,3953,0,5003,0,4771,0,7566,0
3,11534479,11796495,45,5843,29,2066,-35,103,4974,0,4442,0,3232,0,4211,0,6668,0,5447,0,4780,0,6662,0
3,11796623,12058639,46,52587,0,39,-35,104,7301,0,6449,0,1708,0,5717,0,5972,0,7090,0,2457,0,4476,0
3,11796623,12058639,46,26689,1,62,-36,104,5055,0,4474,0,4580,0,4665,0,7275,0,6551,0,4597,0,2973,0
3,11796623,12058639,46,14531,2,91,-35,105,6511,0,3614,0,4160,0,3867,0,3303,0,7647,0,7139,0,2601,0
3,11796623,12058639,46,43593,3,98,-34,104,4360,0,9562,0,2287,0,5540,0,5827,0,5902,0,4376,0,6506,0
3,11796623,12058639,46,65243,4,266,-36,106,6582,0,4560,0,7123,0,5439,0,6304,0,2554,0,4709,0,2916,0
3,11796623,12058639,46,64657,5,465,-35,106,6977,0,5159,0,4390,0,4537,0,4765,0,6345,0,4844,0,4203,0
3,11796623,12058639,46,62899,6,472,-36,101,4418,0,3053,0,5325,0,7889,0,5732,0,5070,0,4358,0,4794,0
3,11796623,12058639,46,57625,7,504,-36,106,5727,0,6541,0,5597,0,5380,0,5756,0,6465,0,6342,0,6983,0
3,11796623,12058639,46,41803,8,574,-36,106,4875,0,4750,0,4270,0,6237,0,5043,0,4712,0,6121,0,4103,0
3,11796623,12058639,46,59873,9,666,-35,101,2556,0,2692,0,3194,0,6266,0,6335,0,7540,0,4967,0,5141,0
3,11796623,12058639,46,48547,10,678,-35,105,6409,0,3673,0,6403,0,3226,0,6274,0,4855,0,3907,0,3920,0
3,11796623,12058639,46,14569,11,742,-36,106,4135,0,5262,0,6566,0,2957,0,6665,0,4475,0,4265,0,3247,0
3,11796623,12058639,46,43707,12,834,-37,104,2532,0,3944,0,4919,0,4011,0,6258,0,8350,0,4991,0,6003,0
3,11796623,12058639,46,49,13,905,-37,105,1500,0,4976,0,3104,0,3394,0,5093,0,4702,0,5096,0,5367,0
3,11796623,12058639,46,147,14,927,-38,105,3409,0,4074,0,3661,0,4416,0,5966,0,4397,0,4449,0,4245,0
3,11796623,12058639,46,441,15,968,-38,103,4576,0,4682,0,4388,0,5627,0,4651,0,3260,0,5798,0,5141,0
3,11796623,12058639,46,1323,16,1045,-38,105,5998,0,3138,0,4569,0,5926,0,3783,0,5032,0,7650,0,6789,0
3,11796623,12058639,46,3969,17,1110,-36,105,4625,0,6118,0,3659,0,4861,0,4351,0,3282,0,5368,0,6525,0
3,11796623,12058639,46,11907,18,1125,-40,100,4357,0,3823,0,5088,0,4571,0,6822,0,5983,0,3021,0,6500,0
3,11796623,12058639,46,35721,19,1136,-40,98,6023,0,6340,0,4260,0,4079,0,6334,0,7699,0,2665,0,4192,0
3,11796623,12058639,46,41627,20,1144,-39,102,6223,0,5414,0,6463,0,6289,0,4596,0,4861,0,5603,0,4697,0
3,11796623,12058639,46,59345,21,1159,-39,106,4425,0,6876,0,4622,0,6138,0,3357,0,5935,0,3096,0,6361,0
3,11796623,12058639,46,46963,22,1179,-39,102,5171,0,3738,0,5047,0,6366,0,5884,0,3514,0,3180,0,3425,0
3,11796623,12058639,46,9817,23,1311,-31,106,3053,0,5171,0,7063,0,4355,0,4889,0,3929,0,7295,0,5011,0
3,11796623,12058639,46,29451,24,1383,-32,106,2995,0,5052,0,4068,0,4247,0,7382,0,4605,0,5149,0,3383,0
3,11796623,12058639,46,22817,25,1479,-31,105,4243,0,5605,0,3615,0,4759,0,6770,0,3212,0,7017,0,3975,0
3,11796623,12058639,46,2915,26,1483,-32,103,4255,0,8151,0,5570,0,3764,0,2989,0,5034,0,5346,0,5216,0
3,11796623,12058639,46,8745,27,1608,-32,98,4479,0,5960,0,3818,0,4253,0,4399,0,5124,0,5196,0,3552,0
3,11796623,12058639,46,26235,28,1657,-36,102,5748,0,6262,0,4371,0,9018,0,3183,0,4609,0,4400,0,6038,0
3,11796623,12058639,46,13169,29,1714,-37,103,4205,0,4408,0,2750,0,2966,0,6635,0,5017,0,4422,0,6410,0
3,11796623,12058639,46,39507,30,1785,-36,106,3575,0,6442,0,6902,0,8285,0,2769,0,4984,0,3439,0,5790,0
3,11796623,12058639,46,52985,31,1823,-36,105,3315,0,5192,0,6887,0,4214,0,3442,0,4360,0,3494,0,5359,0
3,11796623,12058639,46,27883,32,1845,-36,106,4129,0,4379,0,6919,0,6197,0,4055,0,5926,0,4721,0,3409,0
3,11796623,12058639,46,18113,33,1858,-30,106,2954,0,5646,0,6620,0,5234,0,4581,0,5334,0,7003,0,5898,0
3,11796623,12058639,46,54339,34,1961,-37,102,7176,0,3967,0,4875,0,5427,0,5925,0,7997,0,3749,0,4052,0
3,11796623,12058639,46,31945,35,1984,-37,105,5340,0,2744,0,5228,0,5709,0,4267,0,3477,0,4925,0,3226,0
3,11796623,12058639,46,30299,36,1991,-37,101,4672,0,3983,0,5977,0,5426,0,5895,0,5702,0,4632,0,4030,0
3,11796623,12058639,46,25361,37,1995,-37,106,2743,0,7143,0,2679,0,5900,0,3661,0,3975,0,5778,0,7027,0
3,11796623,12058639,46,10547,38,2101,-37,101,6230,0,4861,0,4656,0,4675,0,4630,0,3553,0,5739,0,3684,0
3,12058767,12320783,47,29387,0,62,-36,104,8446,0,8064,0,2629,0,6377,0,7011,0,7414,0,3284,0,5077,0
3,12058767,12320783,47,22625,1,90,-36,104,5308,0,4930,0,5019,0,4979,0,8664,0,6811,0,5844,0,3704,0
3,12058767,12320783,47,2339,2,99,-36,106,7229,0,4793,0,4039,0,5010,0,4225,0,8385,0,7463,0,3140,0
3,12058767,12320783,47,7017,3,185,-35,104,5803,0,10701,0,2565,0,5812,0,6824,0,6270,0,4768,0,6541,0
3,12058767,12320783,47,21051,4,338,-37,105,6459,0,5598,0,8084,0,6469,0,6423,0,3004,0,4960,0,3985,0
3,12058767,12320783,47,63153,5,341,-37,105,7571,0,6464,0,4796,0,5342,0,4969,0,6672,0,5932,0,4639,0
3,12058767,12320783,47,58387,6,406,-35,106,4976,0,3855,0,6550,0,8774,0,7188,0,5901,0,4824,0,6112,0
3,12058767,12320783,47,44089,7,502,-36,104,6596,0,7293,0,6328,0,6029,0,6355,0,7334,0,6550,0,7602,0
3,12058767,12320783,47,1195,8,512,-35,106,4823,0,6267,0,5218,0,7511,0,5979,0,5091,0,7052,0,4095,0
3,12058767,12320783,47,3585,9,526,-36,104,3225,0,2789,0,3735,0,6594,0,6812,0,8241,0,5710,0,5316,0
3,12058767,12320783,47,10755,10,552,-35,104,6652,0,4051,0,6659,0,3733,0,6542,0,6336,0,3943,0,4453,0
3,12058767,12320783,47,32265,11,586,-35,106,4668,0,6271,0,7695,0,3815,0,7256,0,5349,0,5027,0,3869,0
3,12058767,12320783,47,31259,12,612,-35,104,2789,0,5652,0,5184,0,4815,0,7112,0,8978,0,6443,0,6186,0
3,12058767,12320783,47,28241,13,631,-35,104,1948,0,5616,0,3910,0,5075,0,6077,0,5712,0,5947,0,6365,0
3,12058767,12320783,47,19187,14,705,-34,107,3675,0,5252,0,4082,0,4540,0,6340,0,4615,0,4827,0,4798,0
3,12058767,12320783,47,57561,15,737,-36,103,5587,0,5164,0,4804,0,6221,0,4936,0,3577,0,6651,0,5713,0
3,12058767,12320783,47,41611,16,772,-35,97,7197,0,3652,0,4602,0,6432,0,4514,0,5937,0,8504,0,7223,0
3,12058767,12320783,47,59297,17,806,-35,104,4759,0,6419,0,4116,0,5219,0,5243,0,3343,0,6346,0,6223,0
3,12058767,12320783,47,46819,18,954,-36,97,4786,0,4469,0,5606,0,4981,0,7865,0,6387,0,3557,0,7167,0
3,12058767,12320783,47,9385,19,1008,-39,103,6850,0,6782,0,5319,0,4231,0,7060,0,8004,0,2703,0,5185,0
3,12058767,12320783,47,28155,20,1208,-36,102,7507,0,5169,0,7140,0,7088,0,4773,0,5817,0,6178,0,6033,0
3,12058767,12320783,47,18929,21,1244,-35,102,5141,0,7389,0,5059,0,7546,0,3322,0,5813,0,3578,0,6930,0
3,12058767,12320783,47,56787,22,1256,-35,106,5536,0,4286,0,4845,0,7499,0,7260,0,4250,0,3894,0,3520,0
3,12058767,12320783,47,39289,23,1260,-36,104,3444,0,5720,0,7558,0,4722,0,6296,0,4940,0,8953,0,6128,0
3,12058767,12320783,47,52331,24,1263,-35,107,3364,0,6054,0,4372,0,4852,0,8492,0,5864,0,6732,0,3644,0
3,12058767,12320783,47,25921,25,1267,-36,107,4889,0,5922,0,4220,0,4928,0,8083,0,4448,0,7486,0,4430,0
3,12058767,12320783,47,12227,26,1352,-36,106,4976,0,8937,0,6895,0,4088,0,3490,0,5242,0,6331,0,5932,0
3,12058767,12320783,47,36681,27,1387,-35,104,5682,0,6594,0,3973,0,4351,0,4609,0,5246,0,5809,0,4044,0
3,12058767,12320783,47,44507,28,1460,-37,104,6368,0,6930,0,4813,0,10014,0,3742,0,5396,0,5157,0,7480,0
3,12058767,12320783,47,2449,29,1514,-36,79,5001,0,4798,0,2907,0,4098,0,6828,0,5919,0,4940,0,6836,0
3,12058767,12320783,47,7347,30,1581,-37,104,4309,0,7704,0,7633,0,8920,0,3342,0,5908,0,4361,0,6081,0
3,12058767,12320783,47,22041,31,1585,-36,105,3796,0,6194,0,7453,0,4744,0,4086,0,5386,0,4276,0,6063,0
3,12058767,12320783,47,587,32,1624,-31,105,4613,0,4771,0,7298,0,6473,0,5062,0,7297,0,5926,0,3576,0
3,12058767,12320783,47,1761,33,1715,-31,106,3556,0,6042,0,6969,0,6120,0,4692,0,5827,0,7062,0,7044,0
3,12058767,12320783,47,5283,34,1743,-31,106,8265,0,4633,0,5131,0,5547,0,6542,0,8831,0,4456,0,4432,0
3,12058767,12320783,47,15849,35,1877,-35,106,5828,0,2901,0,5525,0,7081,0,4154,0,3582,0,5660,0,4230,0
3,12058767,12320783,47,47547,36,1941,-34,107,5142,0,4657,0,6670,0,5960,0,6279,0,7036,0,4647,0,4002,0
3,12058767,12320783,47,11569,37,1943,-35,104,3299,0,8464,0,3603,0,6456,0,3810,0,4851,0,5598,0,6997,0
3,12058767,12320783,47,34707,38,2009,-37,105,6872,0,5547,0,5077,0,5588,0,4578,0,3985,0,6361,0,4162,0
3,12320911,12582927,48,38585,0,33,-35,102,7992,0,5879,0,1652,0,5784,0,5855,0,6734,0,2923,0,4188,0
3,12320911,12582927,48,50219,1,55,-34,105,4793,0,4571,0,4943,0,4564,0,7593,0,6431,0,5296,0,3002,0
3,12320911,12582927,48,19585,2,71,-35,104,6362,0,4291,0,3717,0,4413,0,3196,0,7723,0,6294,0,2533,0
3,12320911,12582927,48,58755,3,119,-35,104,5020,0,9061,0,2297,0,5213,0,6433,0,6212,0,4012,0,6154,0
3,12320911,12582927,48,45193,4,223,-36,105,6434,0,4314,0,7507,0,5638,0,5904,0,2633,0,4558,0,3193,0
3,12320911,12582927,48,4507,5,365,-36,105,6978,0,5471,0,4615,0,4741,0,4809,0,6229,0,5611,0,4362,0
3,12320911,12582927,48,13521,6,436,-34,101,4365,0,3458,0,5182,0,7835,0,6138,0,5340,0,4624,0,5060,0
3,12320911,12582927,48,40563,7,576,-35,106,5653,0,7081,0,5733,0,5676,0,5538,0,5929,0,6287,0,7220,0
3,12320911,12582927,48,56153,8,716,-35,99,4573,0,5305,0,4157,0,5671,0,4830,0,4702,0,6144,0,4084,0
3,12320911,12582927,48,37387,9,810,-36,104,2513,0,2417,0,2958,0,6261,0,6640,0,7390,0,5515,0,4788,0
3,12320911,12582927,48,46625,10,952,-32,103,6244,0,4084,0,6107,0,3392,0,5989,0,4991,0,3880,0,3950,0
3,12320911,12582927,48,8803,11,1076,-33,106,3987,0,5658,0,6985,0,3034,0,6673,0,4446,0,4525,0,3174,0
3,12320911,12582927,48,26409,12,1162,-33,102,2521,0,4423,0,4878,0,4103,0,5716,0,8457,0,5497,0,5910,0
3,12320911,12582927,48,13691,13,1206,-35,104,1642,0,4959,0,2931,0,3294,0,4895,0,5195,0,5170,0,5225,0
3,12320911,12582927,48,41073,14,1304,-33,105,3050,0,4713,0,3338,0,4588,0,5992,0,4631,0,4468,0,4347,0
3,12320911,12582927,48,57683,15,1387,-33,105,5154,0,4440,0,3720,0,5283,0,4449,0,3261,0,5502,0,5473,0
3,12320911,12582927,48,41977,16,1419,-33,101,6475,0,2862,0,4575,0,5436,0,4063,0,4946,0,7160,0,6789,0
3,12320911,12582927,48,60395,17,1503,-33,106,4449,0,5873,0,3618,0,4805,0,4360,0,3000,0,5330,0,5684,0
3,12320911,12582927,48,50113,18,1560,-32,104,4563,0,3530,0,4520,0,4492,0,7297,0,5388,0,3223,0,6264,0
3,12320911,12582927,48,19267,19,1570,-32,105,5763,0,6362,0,4877,0,3969,0,6660,0,6818,0,2160,0,3694,0
3,12320911,12582927,48,57801,20,1731,-31,106,6263,0,5201,0,5555,0,6300,0,4629,0,4890,0,5431,0,4781,0
3,12320911,12582927,48,42331,21,1771,-32,101,4197,0,6600,0,4511,0,6394,0,3010,0,5384,0,2779,0,5833,0
3,12320911,12582927,48,61457,22,1835,-33,105,5151,0,3992,0,5253,0,6690,0,6048,0,3765,0,3428,0,3316,0
3,12320911,12582927,48,53299,23,1914,-32,105,2932,0,4597,0,6932,0,4100,0,4595,0,3833,0,7355,0,5400,0
3,12320911,12582927,48,28825,24,1938,-33,103,3233,0,5048,0,3836,0,4408,0,7492,0,4473,0,4984,0,3389,0
3,12320911,12582927,48,20939,25,1951,-33,106,4608,0,5657,0,3741,0,4447,0,6647,0,3781,0,6724,0,3717,0
3,12320911,12582927,48,62817,26,1979,-31,104,4481,0,7442,0,5985,0,3652,0,2863,0,4556,0,5374,0,4842,0
3,12320911,12582927,48,57379,27,1990,-32,103,4849,0,6156,0,3979,0,4045,0,4430,0,5359,0,4931,0,3521,0
3,12320911,12582927,48,41065,28,1992,-31,105,5255,0,6280,0,4818,0,9796,0,3369,0,4625,0,4345,0,6649,0
3,12320911,12582927,48,57659,29,2047,-32,105,4844,0,4341,0,1992,0,3036,0,6438,0,4452,0,4519,0,6451,0
3,12320911,12582927,48,41905,30,2053,-32,105,3425,0,6647,0,6347,0,7783,0,3266,0,4971,0,3704,0,5387,0
3,12583055,12845071,49,49465,0,0,-33,106,8148,0,7301,0,2827,0,6609,0,6983,0,8051,0,3443,0,5292,0
3,12583055,12845071,49,17323,1,57,-32,105,5651,0,5009,0,4953,0,5193,0,8567,0,6801,0,6167,0,3648,0
3,12583055,12845071,49,51969,2,70,-32,106,7269,0,4815,0,3939,0,5334,0,4385,0,8726,0,7078,0,3371,0
3,12583055,12845071,49,24835,3,96,-31,102,5507,0,10760,0,2652,0,5638,0,6749,0,7308,0,4342,0,6698,0
3,12583055,12845071,49,8969,4,123,-31,101,7410,0,4807,0,8768,0,5968,0,6493,0,3359,0,5057,0,3927,0
3,12583055,12845071,49,26907,5,207,-32,107,8028,0,6529,0,5302,0,5918,0,5210,0,6542,0,5689,0,4777,0
3,12583055,12845071,49,15185,6,210,-33,104,4978,0,3819,0,6543,0,8976,0,6154,0,6338,0,4700,0,5992,0
3,12583055,12845071,49,45555,7,251,-33,93,6835,0,7498,0,6081,0,6078,0,6210,0,7543,0,6750,0,7490,0
3,12583055,12845071,49,5593,8,282,-34,104,4783,0,6045,0,5034,0,7137,0,5975,0,5026,0,7141,0,4099,0
3,12583055,12845071,49,16779,9,309,-34,106,3008,0,2974,0,3826,0,6117,0,7500,0,7932,0,5528,0,5262,0
3,12583055,12845071,49,50337,10,374,-33,106,6667,0,4125,0,6980,0,3656,0,6387,0,5943,0,4005,0,4340,0
3,12583055,12845071,49,19939,11,413,-32,105,5117,0,6628,0,7604,0,3477,0,7058,0,5612,0,5005,0,3252,0
3,12583055,12845071,49,59817,12,479,-34,104,2842,0,5479,0,4800,0,4111,0,7367,0,8885,0,6075,0,6372,0
