4,9306255,9322511,569,39875,0,97,-33,102,0,0,7923,17797,0,16256,19731,16939,0,16384,14370,16882,0,16576,11247,49444
4,9306255,9322511,569,39875,1,97,-33,102,-1,-1,-1,-1,-1,-1,-1,-1,-1,-1,-1,-1,-1,-1,-1,-1
4,9306255,9322511,569,39875,2,97,-33,102,-1,-1,-1,-1,-1,-1,-1,-1,-1,-1,-1,-1,-1,-1,-1,-1
4,9306255,9322511,569,39875,3,97,-33,102,-1,-1,-1,-1,-1,-1,-1,-1,-1,-1,-1,-1,-1,-1,-1,-1
4,9322639,9338895,570,31195,0,34,-35,103,0,0,32568,17797,0,16256,35317,49472,0,16640,5078,49408,0,16896,2543,16640
4,9322639,9338895,570,28049,1,50,-33,103,0,16736,8977,49376,0,17060,20207,16610,0,16672,8206,49360,0,16932,3179,49312
4,9322639,9338895,570,28049,2,50,-33,103,-1,-1,-1,-1,-1,-1,-1,-1,-1,-1,-1,-1,-1,-1,-1,-1
4,9322639,9338895,570,28049,3,50,-33,103,-1,-1,-1,-1,-1,-1,-1,-1,-1,-1,-1,-1,-1,-1,-1,-1
4,9388175,9404431,574,43745,0,8,-34,105,0,0,55854,17589,0,16256,53307,17327,0,16576,10117,17228,0,16448,25545,17178
4,9388175,9404431,574,163,1,64,-34,105,0,16768,10086,49869,0,16640,6495,49828,0,16512,61396,49770,0,17026,6581,49683
4,9388175,9404431,574,163,2,64,-34,105,-1,-1,-1,-1,-1,-1,-1,-1,-1,-1,-1,-1,-1,-1,-1,-1
4,9388175,9404431,574,163,3,64,-34,105,-1,-1,-1,-1,-1,-1,-1,-1,-1,-1,-1,-1,-1,-1,-1,-1
4,9420943,9437199,576,4401,0,36,-34,104,0,0,56425,17796,0,16672,8886,16736,0,16384,11997,16716,0,16800,51318,16681
4,9420943,9437199,576,4401,1,36,-34,104,-1,-1,-1,-1,-1,-1,-1,-1,-1,-1,-1,-1,-1,-1,-1,-1
4,9420943,9437199,576,4401,2,36,-34,104,-1,-1,-1,-1,-1,-1,-1,-1,-1,-1,-1,-1,-1,-1,-1,-1
4,9420943,9437199,576,4401,3,36,-34,104,-1,-1,-1,-1,-1,-1,-1,-1,-1,-1,-1,-1,-1,-1,-1,-1
4,9453711,9469967,578,53291,0,79,-33,101,0,0,9548,17794,0,16256,44729,49824,0,16704,8886,49504,0,16832,24688,49506
4,9453711,9469967,578,28801,1,87,-33,105,0,16960,4110,49488,0,16448,8768,49432,0,16576,12375,49427,0,16608,12465,49427
4,9453711,9469967,578,28801,2,87,-33,105,-1,-1,-1,-1,-1,-1,-1,-1,-1,-1,-1,-1,-1,-1,-1,-1
4,9453711,9469967,578,28801,3,87,-33,105,-1,-1,-1,-1,-1,-1,-1,-1,-1,-1,-1,-1,-1,-1,-1,-1
4,9470095,9486351,579,62601,0,29,-33,101,0,0,13959,17795,0,16256,5723,16947,0,16576,189,16935,0,16448,8287,16782
4,9470095,9486351,579,62601,1,29,-33,101,-1,-1,-1,-1,-1,-1,-1,-1,-1,-1,-1,-1,-1,-1,-1,-1
4,9470095,9486351,579,62601,2,29,-33,101,-1,-1,-1,-1,-1,-1,-1,-1,-1,-1,-1,-1,-1,-1,-1,-1
4,9470095,9486351,579,62601,3,29,-33,101,-1,-1,-1,-1,-1,-1,-1,-1,-1,-1,-1,-1,-1,-1,-1,-1
4,9502863,9519119,581,51827,0,112,-34,105,0,0,21826,17770,0,16256,38063,17286,0,16448,15921,50050,0,16544,1088,17220
4,9502863,9519119,581,51827,1,112,-34,105,-1,-1,-1,-1,-1,-1,-1,-1,-1,-1,-1,-1,-1,-1,-1,-1
4,9502863,9519119,581,51827,2,112,-34,105,-1,-1,-1,-1,-1,-1,-1,-1,-1,-1,-1,-1,-1,-1,-1,-1
4,9502863,9519119,581,51827,3,112,-34,105,-1,-1,-1,-1,-1,-1,-1,-1,-1,-1,-1,-1,-1,-1,-1,-1
4,9535631,9551887,583,7691,0,39,-33,104,0,0,851,17794,0,16256,59503,16903,0,16512,19126,16852,0,16448,10847,16822
4,9535631,9551887,583,7691,1,39,-33,104,-1,-1,-1,-1,-1,-1,-1,-1,-1,-1,-1,-1,-1,-1,-1,-1
4,9535631,9551887,583,7691,2,39,-33,104,-1,-1,-1,-1,-1,-1,-1,-1,-1,-1,-1,-1,-1,-1,-1,-1
4,9535631,9551887,583,7691,3,39,-33,104,-1,-1,-1,-1,-1,-1,-1,-1,-1,-1,-1,-1,-1,-1,-1,-1
4,9552015,9568271,584,3683,0,46,-34,104,0,0,57490,17784,0,16704,42608,17400,0,16448,27684,50110,0,16576,36085,50070
4,9552015,9568271,584,3683,1,46,-34,104,-1,-1,-1,-1,-1,-1,-1,-1,-1,-1,-1,-1,-1,-1,-1,-1
4,9552015,9568271,584,3683,2,46,-34,104,-1,-1,-1,-1,-1,-1,-1,-1,-1,-1,-1,-1,-1,-1,-1,-1
4,9552015,9568271,584,3683,3,46,-34,104,-1,-1,-1,-1,-1,-1,-1,-1,-1,-1,-1,-1,-1,-1,-1,-1
4,9568399,9584655,585,33147,0,24,-33,103,0,0,10585,17799,0,16256,49055,16887,0,16576,2377,16773,0,16384,7612,16640
4,9568399,9584655,585,33147,1,24,-33,103,-1,-1,-1,-1,-1,-1,-1,-1,-1,-1,-1,-1,-1,-1,-1,-1
4,9568399,9584655,585,33147,2,24,-33,103,-1,-1,-1,-1,-1,-1,-1,-1,-1,-1,-1,-1,-1,-1,-1,-1
4,9568399,9584655,585,33147,3,24,-33,103,-1,-1,-1,-1,-1,-1,-1,-1,-1,-1,-1,-1,-1,-1,-1,-1
4,9584783,9601039,586,36179,0,61,-35,102,0,0,12272,17797,0,16448,10847,49590,0,16640,6540,16804,0,16608,12646,49427
4,9584783,9601039,586,36179,1,61,-35,102,-1,-1,-1,-1,-1,-1,-1,-1,-1,-1,-1,-1,-1,-1,-1,-1
4,9584783,9601039,586,36179,2,61,-35,102,-1,-1,-1,-1,-1,-1,-1,-1,-1,-1,-1,-1,-1,-1,-1,-1
4,9584783,9601039,586,36179,3,61,-35,102,-1,-1,-1,-1,-1,-1,-1,-1,-1,-1,-1,-1,-1,-1,-1,-1
4,9601167,9617423,587,63467,0,32,-33,103,0,0,29046,17787,0,16576,40218,17280,0,16448,25620,49947,0,16256,57229,17082
4,9601167,9617423,587,63467,1,32,-33,103,-1,-1,-1,-1,-1,-1,-1,-1,-1,-1,-1,-1,-1,-1,-1,-1
4,9601167,9617423,587,63467,2,32,-33,103,-1,-1,-1,-1,-1,-1,-1,-1,-1,-1,-1,-1,-1,-1,-1,-1
4,9601167,9617423,587,63467,3,32,-33,103,-1,-1,-1,-1,-1,-1,-1,-1,-1,-1,-1,-1,-1,-1,-1,-1
4,9617551,9633807,588,46915,0,20,-35,104,0,0,53647,17763,0,16720,42171,50157,0,16448,52165,50108,0,16704,22688,17311
4,9617551,9633807,588,9673,1,87,-35,106,0,16384,33923,50077,0,16840,48702,17303,0,16512,35268,50008,0,16656,39794,49969
4,9617551,9633807,588,9673,2,87,-35,106,-1,-1,-1,-1,-1,-1,-1,-1,-1,-1,-1,-1,-1,-1,-1,-1
4,9617551,9633807,588,9673,3,87,-35,106,-1,-1,-1,-1,-1,-1,-1,-1,-1,-1,-1,-1,-1,-1,-1,-1
4,9650319,9666575,590,64563,0,55,-35,102,0,0,9510,17741,0,16256,48096,50279,0,16544,52874,50218,0,16384,36418,50119
4,9650319,9666575,590,64563,1,55,-35,102,-1,-1,-1,-1,-1,-1,-1,-1,-1,-1,-1,-1,-1,-1,-1,-1
4,9650319,9666575,590,64563,2,55,-35,102,-1,-1,-1,-1,-1,-1,-1,-1,-1,-1,-1,-1,-1,-1,-1,-1
4,9650319,9666575,590,64563,3,55,-35,102,-1,-1,-1,-1,-1,-1,-1,-1,-1,-1,-1,-1,-1,-1,-1,-1
4,9666703,9682959,591,56779,0,17,-35,103,0,0,1275,17795,0,16384,9232,16796,0,16448,8564,49552,0,16544,2377,16773
4,9666703,9682959,591,39265,1,57,-34,102,0,16688,9476,16752,0,16256,12209,16727,0,16608,33317,49438,0,16832,24643,49378
4,9666703,9682959,591,39265,2,57,-34,102,-1,-1,-1,-1,-1,-1,-1,-1,-1,-1,-1,-1,-1,-1,-1,-1
4,9666703,9682959,591,39265,3,57,-34,102,-1,-1,-1,-1,-1,-1,-1,-1,-1,-1,-1,-1,-1,-1,-1,-1
4,9683087,9699343,592,25705,0,48,-35,104,0,0,27669,17794,0,16256,48467,16778,0,16752,8501,49496,0,16512,11247,16676
4,9683087,9699343,592,11579,1,73,-35,105,0,16688,6551,16680,0,16448,14478,16632,0,16964,3088,49312,0,16996,3088,49312
4,9683087,9699343,592,11579,2,73,-35,105,-1,-1,-1,-1,-1,-1,-1,-1,-1,-1,-1,-1,-1,-1,-1,-1
4,9683087,9699343,592,11579,3,73,-35,105,-1,-1,-1,-1,-1,-1,-1,-1,-1,-1,-1,-1,-1,-1,-1,-1
4,9699471,9715727,593,38675,0,19,-35,101,0,0,63912,17794,0,16256,1265,49754,0,16640,5690,16784,0,16704,5520,49548
4,9699471,9715727,593,38675,1,19,-35,101,-1,-1,-1,-1,-1,-1,-1,-1,-1,-1,-1,-1,-1,-1,-1,-1
4,9699471,9715727,593,38675,2,19,-35,101,-1,-1,-1,-1,-1,-1,-1,-1,-1,-1,-1,-1,-1,-1,-1,-1
4,9699471,9715727,593,38675,3,19,-35,101,-1,-1,-1,-1,-1,-1,-1,-1,-1,-1,-1,-1,-1,-1,-1,-1
4,9715855,9732111,594,20395,0,4,-35,103,0,0,24833,17795,0,16384,11991,16842,0,16576,5790,16761,0,16256,45677,16718
4,9715855,9732111,594,20395,1,4,-35,103,-1,-1,-1,-1,-1,-1,-1,-1,-1,-1,-1,-1,-1,-1,-1,-1
4,9715855,9732111,594,20395,2,4,-35,103,-1,-1,-1,-1,-1,-1,-1,-1,-1,-1,-1,-1,-1,-1,-1,-1
4,9715855,9732111,594,20395,3,4,-35,103,-1,-1,-1,-1,-1,-1,-1,-1,-1,-1,-1,-1,-1,-1,-1,-1
4,9732239,9748495,595,52483,0,32,-35,101,0,0,22523,17787,0,16816,7502,50107,0,16688,39083,50079,0,16384,58163,17303
4,9732239,9748495,595,26377,1,97,-35,100,0,16672,9898,17274,0,16256,56306,50015,0,16808,38400,17184,0,17076,12514,49859
4,9732239,9748495,595,26377,2,97,-35,100,-1,-1,-1,-1,-1,-1,-1,-1,-1,-1,-1,-1,-1,-1,-1,-1
4,9732239,9748495,595,26377,3,97,-35,100,-1,-1,-1,-1,-1,-1,-1,-1,-1,-1,-1,-1,-1,-1,-1,-1
4,9748623,9764879,596,13595,0,62,-35,106,0,0,11423,17795,0,16448,11184,49725,0,16720,5446,49674,0,16384,9612,16802
4,9748623,9764879,596,13595,1,62,-35,106,-1,-1,-1,-1,-1,-1,-1,-1,-1,-1,-1,-1,-1,-1,-1,-1
4,9748623,9764879,596,13595,2,62,-35,106,-1,-1,-1,-1,-1,-1,-1,-1,-1,-1,-1,-1,-1,-1,-1,-1
4,9748623,9764879,596,13595,3,62,-35,106,-1,-1,-1,-1,-1,-1,-1,-1,-1,-1,-1,-1,-1,-1,-1,-1
4,9781391,9797647,598,39385,0,35,-35,102,0,0,8585,17796,0,16256,6445,49633,0,16576,2467,16773,0,16608,49346,49534
4,9781391,9797647,598,52619,1,56,-35,104,0,16832,24734,16738,0,16384,11430,16708,0,16824,48429,49483,0,16544,13593,49410
4,9781391,9797647,598,52619,2,56,-35,104,-1,-1,-1,-1,-1,-1,-1,-1,-1,-1,-1,-1,-1,-1,-1,-1
4,9781391,9797647,598,52619,3,56,-35,104,-1,-1,-1,-1,-1,-1,-1,-1,-1,-1,-1,-1,-1,-1,-1,-1
4,9797775,9814031,599,14819,0,13,-35,104,0,0,22545,17799,0,16256,58647,49560,0,16448,7709,49538,0,16384,10274,49452
4,9797775,9814031,599,44457,1,113,-35,106,0,16608,54713,16681,0,16512,52367,49355,0,16752,7798,16576,0,16992,3815,49344
4,9797775,9814031,599,44457,2,113,-35,106,-1,-1,-1,-1,-1,-1,-1,-1,-1,-1,-1,-1,-1,-1,-1,-1
4,9797775,9814031,599,44457,3,113,-35,106,-1,-1,-1,-1,-1,-1,-1,-1,-1,-1,-1,-1,-1,-1,-1,-1
4,9814159,9830415,600,6897,0,46,-35,104,0,0,63374,17797,0,16256,41803,16996,0,16720,5758,49424,0,16448,7986,16644
4,9814159,9830415,600,20691,1,66,-35,103,0,16608,34626,49421,0,16704,5078,16640,0,16880,54162,49415,0,16688,9385,16624
4,9814159,9830415,600,20691,2,66,-35,103,-1,-1,-1,-1,-1,-1,-1,-1,-1,-1,-1,-1,-1,-1,-1,-1
4,9814159,9830415,600,20691,3,66,-35,103,-1,-1,-1,-1,-1,-1,-1,-1,-1,-1,-1,-1,-1,-1,-1,-1
4,9830543,9846799,601,55147,0,11,-35,104,0,0,50263,17796,0,16256,59593,16775,0,16752,7911,49480,0,16608,10210,49461
4,9830543,9846799,601,55147,1,11,-35,104,-1,-1,-1,-1,-1,-1,-1,-1,-1,-1,-1,-1,-1,-1,-1,-1
4,9830543,9846799,601,55147,2,11,-35,104,-1,-1,-1,-1,-1,-1,-1,-1,-1,-1,-1,-1,-1,-1,-1,-1
4,9830543,9846799,601,55147,3,11,-35,104,-1,-1,-1,-1,-1,-1,-1,-1,-1,-1,-1,-1,-1,-1,-1,-1
4,9863311,9879567,603,37571,0,13,-34,105,0,0,62004,17583,0,16512,25466,49948,0,16384,45395,49876,0,16576,56606,17077
4,9863311,9879567,603,47177,1,23,-32,106,0,16672,6254,17054,0,16856,57575,49823,0,16888,3199,49821,0,16808,41549,17051
4,9863311,9879567,603,10459,2,65,-33,104,0,16608,1300,17046,0,16784,65293,49796,0,16848,939,17017,0,16944,4829,49780
4,9863311,9879567,603,31377,3,92,-32,104,0,16256,32907,49779,0,16880,47005,16988,0,16816,3791,49751,0,16656,7441,49724
4,9879695,9895951,604,28595,0,56,-33,107,0,0,57502,17598,0,16688,38410,17166,0,16544,36132,17141,0,16576,55515,17094
4,9879695,9895951,604,20249,1,86,-32,104,0,16752,7682,17090,0,16720,6531,49829,0,16792,19228,49825,0,16656,6180,49820
4,9879695,9895951,604,20249,2,86,-32,104,-1,-1,-1,-1,-1,-1,-1,-1,-1,-1,-1,-1,-1,-1,-1,-1
4,9879695,9895951,604,20249,3,86,-32,104,-1,-1,-1,-1,-1,-1,-1,-1,-1,-1,-1,-1,-1,-1,-1,-1
4,9896079,9912335,605,51169,0,25,-33,102,0,0,13360,17605,0,16448,60247,17210,0,16608,37442,17206,0,16384,9745,49956
4,9896079,9912335,605,51169,1,25,-33,102,-1,-1,-1,-1,-1,-1,-1,-1,-1,-1,-1,-1,-1,-1,-1,-1
4,9896079,9912335,605,51169,2,25,-33,102,-1,-1,-1,-1,-1,-1,-1,-1,-1,-1,-1,-1,-1,-1,-1,-1
4,9896079,9912335,605,51169,3,25,-33,102,-1,-1,-1,-1,-1,-1,-1,-1,-1,-1,-1,-1,-1,-1,-1,-1
4,9912463,9928719,606,22435,0,36,-33,103,0,0,14566,17572,0,16256,19853,50134,0,16888,6641,50101,0,16752,55833,50088
4,9912463,9928719,606,22435,1,36,-33,103,-1,-1,-1,-1,-1,-1,-1,-1,-1,-1,-1,-1,-1,-1,-1,-1
4,9912463,9928719,606,22435,2,36,-33,103,-1,-1,-1,-1,-1,-1,-1,-1,-1,-1,-1,-1,-1,-1,-1,-1
4,9912463,9928719,606,22435,3,36,-33,103,-1,-1,-1,-1,-1,-1,-1,-1,-1,-1,-1,-1,-1,-1,-1,-1
4,9928847,9945103,607,5307,0,61,-33,105,0,0,34742,17797,0,16512,37460,16950,0,16256,58828,16920,0,16776,9501,16787
4,9928847,9945103,607,15921,1,100,-33,106,0,16640,5225,16772,0,16752,5225,16772,0,17024,51446,16775,0,16656,8206,49488
4,9928847,9945103,607,15921,2,100,-33,106,-1,-1,-1,-1,-1,-1,-1,-1,-1,-1,-1,-1,-1,-1,-1,-1
4,9928847,9945103,607,15921,3,100,-33,106,-1,-1,-1,-1,-1,-1,-1,-1,-1,-1,-1,-1,-1,-1,-1,-1
4,9945231,9961487,608,12217,0,94,-33,105,0,0,22295,17795,0,16256,4236,16918,0,16512,29260,49506,0,16752,8501,16728
4,9945231,9961487,608,36651,1,113,-33,100,0,16448,11997,16716,0,16544,9263,16710,0,16608,34717,16653,0,16768,24643,49378
4,9945231,9961487,608,36651,2,113,-33,100,-1,-1,-1,-1,-1,-1,-1,-1,-1,-1,-1,-1,-1,-1,-1,-1
4,9945231,9961487,608,36651,3,113,-33,100,-1,-1,-1,-1,-1,-1,-1,-1,-1,-1,-1,-1,-1,-1,-1,-1
4,9961615,9977871,609,2179,0,65,-32,107,0,0,56177,17792,0,16448,8516,49679,0,16256,17480,49630,0,16864,30375,16670
4,9961615,9977871,609,2179,1,65,-32,107,-1,-1,-1,-1,-1,-1,-1,-1,-1,-1,-1,-1,-1,-1,-1,-1
4,9961615,9977871,609,2179,2,65,-32,107,-1,-1,-1,-1,-1,-1,-1,-1,-1,-1,-1,-1,-1,-1,-1,-1
4,9961615,9977871,609,2179,3,65,-32,107,-1,-1,-1,-1,-1,-1,-1,-1,-1,-1,-1,-1,-1,-1,-1,-1
4,9994383,10010639,611,58833,0,78,-34,103,0,0,2662,17794,0,16448,14370,49778,0,16720,8949,16994,0,16576,17374,16922
4,9994383,10010639,611,58833,1,78,-34,103,-1,-1,-1,-1,-1,-1,-1,-1,-1,-1,-1,-1,-1,-1,-1,-1
4,9994383,10010639,611,58833,2,78,-34,103,-1,-1,-1,-1,-1,-1,-1,-1,-1,-1,-1,-1,-1,-1,-1,-1
4,9994383,10010639,611,58833,3,78,-34,103,-1,-1,-1,-1,-1,-1,-1,-1,-1,-1,-1,-1,-1,-1,-1,-1
4,10010767,10027023,612,5209,0,1,-35,107,0,0,64416,17773,0,16256,10413,17325,0,16576,39184,17264,0,16448,13316,17248
4,10010767,10027023,612,15627,1,64,-33,107,0,16848,11509,17212,0,17020,4036,49868,0,16888,31808,49805,0,16752,7520,49726
4,10010767,10027023,612,46881,2,110,-33,105,0,16736,6886,16942,0,16608,54622,16937,0,16980,3009,49688,0,16720,5310,16902
4,10010767,10027023,612,46881,3,110,-33,105,-1,-1,-1,-1,-1,-1,-1,-1,-1,-1,-1,-1,-1,-1,-1,-1
4,10027151,10043407,613,28713,0,82,-35,106,0,0,44048,17766,0,16448,29525,17373,0,16608,23180,50133,0,16736,23521,17332
4,10027151,10043407,613,28713,1,82,-35,106,-1,-1,-1,-1,-1,-1,-1,-1,-1,-1,-1,-1,-1,-1,-1,-1
4,10027151,10043407,613,28713,2,82,-35,106,-1,-1,-1,-1,-1,-1,-1,-1,-1,-1,-1,-1,-1,-1,-1,-1
4,10027151,10043407,613,28713,3,82,-35,106,-1,-1,-1,-1,-1,-1,-1,-1,-1,-1,-1,-1,-1,-1,-1,-1
4,10043535,10059791,614,61809,0,30,-33,107,0,0,28457,17795,0,16256,23379,16917,0,16384,8751,16786,0,16544,12375,16787
4,10043535,10059791,614,61809,1,30,-33,107,-1,-1,-1,-1,-1,-1,-1,-1,-1,-1,-1,-1,-1,-1,-1,-1
4,10043535,10059791,614,61809,2,30,-33,107,-1,-1,-1,-1,-1,-1,-1,-1,-1,-1,-1,-1,-1,-1,-1,-1
4,10043535,10059791,614,61809,3,30,-33,107,-1,-1,-1,-1,-1,-1,-1,-1,-1,-1,-1,-1,-1,-1,-1,-1
4,10092687,10108943,617,30443,0,6,-33,106,0,0,64399,17796,0,16672,5667,16656,0,16800,30421,16670,0,16792,54162,49415
4,10092687,10108943,617,30443,1,6,-33,106,-1,-1,-1,-1,-1,-1,-1,-1,-1,-1,-1,-1,-1,-1,-1,-1
4,10092687,10108943,617,30443,2,6,-33,106,-1,-1,-1,-1,-1,-1,-1,-1,-1,-1,-1,-1,-1,-1,-1,-1
4,10092687,10108943,617,30443,3,6,-33,106,-1,-1,-1,-1,-1,-1,-1,-1,-1,-1,-1,-1,-1,-1,-1,-1
4,10109071,10125327,618,25793,0,69,-33,105,0,0,21621,17790,0,16448,26560,17195,0,16256,29122,17183,0,16608,10330,17182
4,10109071,10125327,618,11843,1,101,-33,107,0,16888,21241,49866,0,16872,61022,17079,0,17020,2929,49812,0,16752,5817,49811
4,10109071,10125327,618,11843,2,101,-33,107,-1,-1,-1,-1,-1,-1,-1,-1,-1,-1,-1,-1,-1,-1,-1,-1
4,10109071,10125327,618,11843,3,101,-33,107,-1,-1,-1,-1,-1,-1,-1,-1,-1,-1,-1,-1,-1,-1,-1,-1
4,10158223,10174479,621,41779,0,8,-32,106,0,0,25461,17712,0,16256,51149,50264,0,16576,60359,50181,0,16840,19525,50110
4,10158223,10174479,621,59801,1,39,-31,107,0,16448,43432,50099,0,16704,38530,50065,0,16384,40875,17160,0,17098,20207,49890
4,10158223,10174479,621,48331,2,73,-31,102,0,16640,7843,17094,0,16512,13273,17072,0,16968,3128,49822,0,16832,3794,16983
4,10158223,10174479,621,13921,3,78,-31,107,0,16672,6489,16932,0,16904,3006,16920,0,16544,51810,16896,0,17092,44401,16843
4,10174607,10190863,622,41763,0,3,-31,106,0,0,51952,17794,0,16256,6535,16865,0,16384,13514,49508,0,16704,8501,16728
4,10174607,10190863,622,41763,1,3,-31,106,-1,-1,-1,-1,-1,-1,-1,-1,-1,-1,-1,-1,-1,-1,-1,-1
4,10174607,10190863,622,41763,2,3,-31,106,-1,-1,-1,-1,-1,-1,-1,-1,-1,-1,-1,-1,-1,-1,-1,-1
4,10174607,10190863,622,41763,3,3,-31,106,-1,-1,-1,-1,-1,-1,-1,-1,-1,-1,-1,-1,-1,-1,-1,-1
4,10190991,10207247,623,48187,0,20,-31,103,0,0,5562,17794,0,16256,45495,16911,0,16672,9476,16752,0,16384,11792,16708
4,10190991,10207247,623,13489,1,65,-31,105,0,16448,10852,49464,0,16512,54713,49449,0,16576,34445,16653,0,16544,50293,16621
4,10190991,10207247,623,40467,2,103,-31,106,0,16608,50474,49389,0,16848,24643,16610,0,16964,4405,16608,0,17096,20207,49378
4,10190991,10207247,623,40467,3,103,-31,106,-1,-1,-1,-1,-1,-1,-1,-1,-1,-1,-1,-1,-1,-1,-1,-1
4,10207375,10223631,624,36523,0,29,-30,103,0,0,64936,17793,0,16448,8754,49683,0,16576,5835,16889,0,16256,55766,49628
4,10207375,10223631,624,44033,1,36,-32,103,0,16544,45661,49546,0,16736,5225,49540,0,16656,7322,49464,0,16816,6634,49461
4,10207375,10223631,624,1027,2,44,-31,103,0,16640,6642,16680,0,16800,51273,16681,0,16688,5962,49432,0,16996,2543,49408
4,10207375,10223631,624,3081,3,57,-31,103,0,17030,51446,16647,0,16752,8977,16608,0,16840,24643,16610,0,16864,811,49401
4,10223759,10240015,625,9243,0,34,-31,105,0,0,47665,17795,0,16256,48513,16906,0,16608,23455,16784,0,16688,5373,16776
4,10223759,10240015,625,9243,1,34,-31,105,-1,-1,-1,-1,-1,-1,-1,-1,-1,-1,-1,-1,-1,-1,-1,-1
4,10223759,10240015,625,9243,2,34,-31,105,-1,-1,-1,-1,-1,-1,-1,-1,-1,-1,-1,-1,-1,-1,-1,-1
4,10223759,10240015,625,9243,3,34,-31,105,-1,-1,-1,-1,-1,-1,-1,-1,-1,-1,-1,-1,-1,-1,-1,-1
4,10240143,10256399,626,27729,0,52,-34,105,0,0,27898,17786,0,16704,23721,17337,0,16448,17464,50076,0,16576,11916,50064
4,10240143,10256399,626,27729,1,52,-34,105,-1,-1,-1,-1,-1,-1,-1,-1,-1,-1,-1,-1,-1,-1,-1,-1
4,10240143,10256399,626,27729,2,52,-34,105,-1,-1,-1,-1,-1,-1,-1,-1,-1,-1,-1,-1,-1,-1,-1,-1
4,10240143,10256399,626,27729,3,52,-34,105,-1,-1,-1,-1,-1,-1,-1,-1,-1,-1,-1,-1,-1,-1,-1,-1
4,10256527,10272783,627,52953,0,5,-31,104,0,0,52314,17794,0,16256,20452,16922,0,16608,19081,49620,0,16576,9037,16838
4,10256527,10272783,627,27787,1,19,-31,104,0,16752,6302,49568,0,16880,8056,49572,0,16512,44669,16795,0,16544,12375,49555
4,10256527,10272783,627,17825,2,70,-31,103,0,17012,4405,49504,0,16656,7911,16712,0,16784,27532,16704,0,16672,7231,49464
4,10256527,10272783,627,53475,3,83,-31,106,0,16688,7322,16696,0,17140,27252,49438,0,16448,8190,16652,0,16816,54162,49415
4,10272911,10289167,628,29353,0,62,-31,105,0,0,47365,17796,0,16384,8371,49420,0,16656,7027,49328,0,16640,5667,49296
4,10272911,10289167,628,29353,1,62,-31,105,-1,-1,-1,-1,-1,-1,-1,-1,-1,-1,-1,-1,-1,-1,-1,-1
4,10272911,10289167,628,29353,2,62,-31,105,-1,-1,-1,-1,-1,-1,-1,-1,-1,-1,-1,-1,-1,-1,-1,-1
4,10272911,10289167,628,29353,3,62,-31,105,-1,-1,-1,-1,-1,-1,-1,-1,-1,-1,-1,-1,-1,-1,-1,-1
4,10289295,10305551,629,2033,0,118,-31,105,0,0,47303,17795,0,16720,6302,49568,0,16996,4768,49520,0,16448,12382,49492
4,10289295,10305551,629,2033,1,118,-31,105,-1,-1,-1,-1,-1,-1,-1,-1,-1,-1,-1,-1,-1,-1,-1,-1
4,10289295,10305551,629,2033,2,118,-31,105,-1,-1,-1,-1,-1,-1,-1,-1,-1,-1,-1,-1,-1,-1,-1,-1
4,10289295,10305551,629,2033,3,118,-31,105,-1,-1,-1,-1,-1,-1,-1,-1,-1,-1,-1,-1,-1,-1,-1,-1
4,10305679,10321935,630,18297,0,16,-31,105,0,0,11310,17799,0,16384,10088,49578,0,16256,42703,49556,0,16640,5225,49540
4,10305679,10321935,630,54891,1,41,-31,104,0,16512,52367,49483,0,16916,2543,16640,0,16656,7208,16560,0,16752,6846,49328
4,10305679,10321935,630,54891,2,41,-31,104,-1,-1,-1,-1,-1,-1,-1,-1,-1,-1,-1,-1,-1,-1,-1,-1
4,10305679,10321935,630,54891,3,41,-31,104,-1,-1,-1,-1,-1,-1,-1,-1,-1,-1,-1,-1,-1,-1,-1,-1
4,10322063,10338319,631,35267,0,50,-32,104,0,0,63800,17798,0,16256,5769,16947,0,16448,8657,16913,0,16720,5713,16784
4,10322063,10338319,631,40265,1,97,-32,105,0,16888,3791,16727,0,16608,31243,49472,0,16880,51318,49449,0,16384,8949,16664
4,10322063,10338319,631,40265,2,97,-32,105,-1,-1,-1,-1,-1,-1,-1,-1,-1,-1,-1,-1,-1,-1,-1,-1
4,10322063,10338319,631,40265,3,97,-32,105,-1,-1,-1,-1,-1,-1,-1,-1,-1,-1,-1,-1,-1,-1,-1,-1
4,10338447,10354703,632,34705,0,10,-31,99,0,0,16922,17796,0,16256,24282,49603,0,16544,32371,49455,0,16512,12556,49427
4,10338447,10354703,632,34705,1,10,-31,99,-1,-1,-1,-1,-1,-1,-1,-1,-1,-1,-1,-1,-1,-1,-1,-1
4,10338447,10354703,632,34705,2,10,-31,99,-1,-1,-1,-1,-1,-1,-1,-1,-1,-1,-1,-1,-1,-1,-1,-1
4,10338447,10354703,632,34705,3,10,-31,99,-1,-1,-1,-1,-1,-1,-1,-1,-1,-1,-1,-1,-1,-1,-1,-1
4,10354831,10371087,633,50201,0,25,-31,106,0,0,7986,17798,0,16544,8136,16727,0,16384,10274,49452,0,16256,32930,49395
4,10354831,10371087,633,19531,1,84,-31,101,0,16784,24734,49378,0,16512,31515,49344,0,16656,7617,49344,0,16808,48475,16587
4,10354831,10371087,633,19531,2,84,-31,101,-1,-1,-1,-1,-1,-1,-1,-1,-1,-1,-1,-1,-1,-1,-1,-1
4,10354831,10371087,633,19531,3,84,-31,101,-1,-1,-1,-1,-1,-1,-1,-1,-1,-1,-1,-1,-1,-1,-1,-1
4,10371215,10387471,634,44707,0,9,-31,106,0,0,40899,17634,0,16512,13383,17433,0,16384,9029,17432,0,16256,54059,17310
4,10371215,10387471,634,44707,1,9,-31,106,-1,-1,-1,-1,-1,-1,-1,-1,-1,-1,-1,-1,-1,-1,-1,-1
4,10371215,10387471,634,44707,2,9,-31,106,-1,-1,-1,-1,-1,-1,-1,-1,-1,-1,-1,-1,-1,-1,-1,-1
4,10371215,10387471,634,44707,3,9,-31,106,-1,-1,-1,-1,-1,-1,-1,-1,-1,-1,-1,-1,-1,-1,-1,-1
4,10387599,10403855,635,9147,0,17,-31,107,0,0,20960,17599,0,16688,39202,49954,0,16576,29606,17158,0,16848,18395,17132
4,10387599,10403855,635,27441,1,22,-31,107,0,16752,6376,49825,0,16856,41548,49819,0,16512,58782,17043,0,16448,41291,17039
4,10387599,10403855,635,27441,2,22,-31,107,-1,-1,-1,-1,-1,-1,-1,-1,-1,-1,-1,-1,-1,-1,-1,-1
4,10387599,10403855,635,27441,3,22,-31,107,-1,-1,-1,-1,-1,-1,-1,-1,-1,-1,-1,-1,-1,-1,-1,-1
4,10403983,10420239,636,50361,0,63,-31,105,0,0,36204,17611,0,16256,54654,50006,0,16512,39631,17044,0,16792,9492,49811
4,10403983,10420239,636,50361,1,63,-31,105,-1,-1,-1,-1,-1,-1,-1,-1,-1,-1,-1,-1,-1,-1,-1,-1
4,10403983,10420239,636,50361,2,63,-31,105,-1,-1,-1,-1,-1,-1,-1,-1,-1,-1,-1,-1,-1,-1,-1,-1
4,10403983,10420239,636,50361,3,63,-31,105,-1,-1,-1,-1,-1,-1,-1,-1,-1,-1,-1,-1,-1,-1,-1,-1
4,10420367,10436623,637,20011,0,30,-31,107,0,0,40916,17547,0,16448,62857,50022,0,16512,11427,17165,0,16640,8115,17101
4,10420367,10436623,637,60033,1,56,-32,103,0,16384,44619,17095,0,16256,49149,49848,0,16608,1306,49814,0,16864,31813,49805
4,10420367,10436623,637,49027,2,59,-31,103,0,16736,5350,49799,0,16776,26944,17030,0,17012,4434,49760,0,16752,8620,49754
4,10420367,10436623,637,16009,3,61,-32,104,0,17034,61550,16888,0,16904,4434,16864,0,16996,4757,49520,0,17124,61550,49528
4,10436751,10453007,638,48027,0,23,-31,104,0,0,56618,17770,0,16384,48005,50235,0,16656,62803,50185,0,16256,64082,50175
4,10436751,10453007,638,48027,1,23,-31,104,-1,-1,-1,-1,-1,-1,-1,-1,-1,-1,-1,-1,-1,-1,-1,-1
4,10436751,10453007,638,48027,2,23,-31,104,-1,-1,-1,-1,-1,-1,-1,-1,-1,-1,-1,-1,-1,-1,-1,-1
4,10436751,10453007,638,48027,3,23,-31,104,-1,-1,-1,-1,-1,-1,-1,-1,-1,-1,-1,-1,-1,-1,-1,-1
4,10453135,10469391,639,39027,0,61,-31,104,0,0,31781,17796,0,16256,29956,16825,0,16448,7992,16774,0,16640,6937,49456
4,10453135,10469391,639,51545,1,88,-31,100,0,16576,29260,16610,0,16840,992,16633,0,16736,8206,16592,0,16688,6257,49312
4,10453135,10469391,639,23563,2,107,-31,107,0,16704,7027,16560,0,16960,3179,16544,0,17042,3059,49333,0,16512,56877,49287
4,10453135,10469391,639,23563,3,107,-31,107,-1,-1,-1,-1,-1,-1,-1,-1,-1,-1,-1,-1,-1,-1,-1,-1
4,10469519,10485775,640,15459,0,27,-31,105,0,0,12686,17792,0,16608,55795,49560,0,16512,34581,16781,0,16888,27487,49472
4,10469519,10485775,640,46377,1,71,-31,103,0,16752,6347,49440,0,16384,9323,16668,0,16448,8383,49424,0,16640,5667,16656
4,10469519,10485775,640,8059,2,100,-31,107,0,16656,5168,16640,0,17020,2543,49408,0,16576,5609,49401,0,17148,20207,49378
4,10469519,10485775,640,8059,3,100,-31,107,-1,-1,-1,-1,-1,-1,-1,-1,-1,-1,-1,-1,-1,-1,-1,-1
4,10485903,10502159,641,6995,0,21,-31,105,0,0,51714,17796,0,16752,8206,49488,0,16576,33589,49438,0,16608,13593,16642
4,10485903,10502159,641,6995,1,21,-31,105,-1,-1,-1,-1,-1,-1,-1,-1,-1,-1,-1,-1,-1,-1,-1,-1
4,10485903,10502159,641,6995,2,21,-31,105,-1,-1,-1,-1,-1,-1,-1,-1,-1,-1,-1,-1,-1,-1,-1,-1
4,10485903,10502159,641,6995,3,21,-31,105,-1,-1,-1,-1,-1,-1,-1,-1,-1,-1,-1,-1,-1,-1,-1,-1
4,10518671,10534927,643,57793,0,65,-31,106,0,0,18000,17790,0,16608,6909,17289,0,16448,9266,17180,0,16256,12040,17153
4,10518671,10534927,643,42307,1,78,-31,102,0,17008,4553,17126,0,17136,42640,16988,0,16384,11849,16968,0,16752,8694,49628
4,10518671,10534927,643,42307,2,78,-31,102,-1,-1,-1,-1,-1,-1,-1,-1,-1,-1,-1,-1,-1,-1,-1,-1
4,10518671,10534927,643,42307,3,78,-31,102,-1,-1,-1,-1,-1,-1,-1,-1,-1,-1,-1,-1,-1,-1,-1,-1
4,10535055,10551311,644,53083,0,69,-32,103,0,0,49071,17771,0,16256,49667,50054,0,16384,13429,50018,0,16792,7774,49927
4,10535055,10551311,644,28177,1,97,-31,106,0,16656,7832,49862,0,16704,6446,49827,0,16576,31334,49728,0,16640,7435,16956
4,10535055,10551311,644,28177,2,97,-31,106,-1,-1,-1,-1,-1,-1,-1,-1,-1,-1,-1,-1,-1,-1,-1,-1
4,10535055,10551311,644,28177,3,97,-31,106,-1,-1,-1,-1,-1,-1,-1,-1,-1,-1,-1,-1,-1,-1,-1,-1
4,10551439,10567695,645,56985,0,11,-32,101,0,0,51917,17776,0,16512,5028,50209,0,16384,3563,50177,0,16256,34370,50076
4,10551439,10567695,645,39883,1,28,-32,106,0,16640,8868,17248,0,16768,56446,17229,0,17040,35502,49923,0,16912,3642,49848
4,10551439,10567695,645,54113,2,101,-31,103,0,16896,3562,17076,0,16900,4987,17020,0,16784,23266,49779,0,17024,65072,16982
4,10551439,10567695,645,54113,3,101,-31,103,-1,-1,-1,-1,-1,-1,-1,-1,-1,-1,-1,-1,-1,-1,-1,-1
4,10567823,10584079,646,28265,0,39,-31,106,0,0,59139,17793,0,16256,15181,49555,0,16576,2377,49541,0,16704,5203,49540
4,10567823,10584079,646,19259,1,110,-32,107,0,16688,9090,49512,0,16956,4405,16736,0,16952,3815,49472,0,16512,32371,16687
4,10567823,10584079,646,19259,2,110,-32,107,-1,-1,-1,-1,-1,-1,-1,-1,-1,-1,-1,-1,-1,-1,-1,-1
4,10567823,10584079,646,19259,3,110,-32,107,-1,-1,-1,-1,-1,-1,-1,-1,-1,-1,-1,-1,-1,-1,-1,-1
4,10584207,10600463,647,42259,0,27,-32,104,0,0,58590,17790,0,16512,49255,50184,0,16384,43911,50107,0,16776,24660,50065
4,10584207,10600463,647,61241,1,91,-32,107,0,16768,16646,17295,0,16256,44977,50060,0,16908,3522,49970,0,16896,4158,17106
4,10584207,10600463,647,52651,2,116,-31,104,0,17036,36707,49836,0,17026,1297,16966,0,17024,20207,16866,0,16900,4118,16848
4,10584207,10600463,647,52651,3,116,-31,104,-1,-1,-1,-1,-1,-1,-1,-1,-1,-1,-1,-1,-1,-1,-1,-1
4,10600591,10616847,648,15107,0,24,-32,103,0,0,45978,17797,0,16256,39550,16856,0,16640,8297,16720,0,16384,12166,49352
4,10600591,10616847,648,45321,1,66,-36,102,0,16608,52186,16587,0,16956,3815,16576,0,16688,6438,49312,0,17142,3059,16565
4,10600591,10616847,648,4891,2,73,-33,105,0,16512,33770,16542,0,16544,12194,49299,0,16576,33408,16542,0,16704,5667,16528
4,10600591,10616847,648,4891,3,73,-33,105,-1,-1,-1,-1,-1,-1,-1,-1,-1,-1,-1,-1,-1,-1,-1,-1
4,10633359,10649615,650,985,0,39,-32,105,0,0,33374,17775,0,16576,18393,50080,0,16448,30230,50025,0,16688,41219,17237
4,10633359,10649615,650,2955,1,68,-32,103,0,16544,15341,17189,0,16656,38012,49924,0,16640,9572,17138,0,16792,7232,49903
4,10633359,10649615,650,2955,2,68,-32,103,-1,-1,-1,-1,-1,-1,-1,-1,-1,-1,-1,-1,-1,-1,-1,-1
4,10633359,10649615,650,2955,3,68,-32,103,-1,-1,-1,-1,-1,-1,-1,-1,-1,-1,-1,-1,-1,-1,-1,-1
4,10649743,10665999,651,26595,0,6,-32,105,0,0,55220,17765,0,16512,61389,50154,0,16640,57061,17351,0,16384,2136,50094
4,10649743,10665999,651,14249,1,100,-32,104,0,16608,51478,17221,0,16768,27537,17216,0,16900,3523,17202,0,16448,10224,17196
4,10649743,10665999,651,14249,2,100,-32,104,-1,-1,-1,-1,-1,-1,-1,-1,-1,-1,-1,-1,-1,-1,-1,-1
4,10649743,10665999,651,14249,3,100,-32,104,-1,-1,-1,-1,-1,-1,-1,-1,-1,-1,-1,-1,-1,-1,-1,-1
4,10666127,10682383,652,62705,0,27,-31,107,0,0,50186,17690,0,16448,415,50193,0,16736,58647,50159,0,16608,55406,50141
4,10666127,10682383,652,57043,1,36,-31,104,0,16384,28820,17233,0,17000,3840,49986,0,17128,27252,49950,0,16872,28130,49914
4,10666127,10682383,652,40057,2,113,-31,106,0,16672,8079,17100,0,16256,8335,49815,0,16544,21542,17028,0,16864,51284,16937
4,10666127,10682383,652,40057,3,113,-31,106,-1,-1,-1,-1,-1,-1,-1,-1,-1,-1,-1,-1,-1,-1,-1,-1
4,10682511,10698767,653,54635,0,32,-31,106,0,0,58475,17794,0,16448,15038,16894,0,16512,34626,16781,0,16912,4405,16736
4,10682511,10698767,653,32833,1,45,-31,106,0,16736,5667,16656,0,16784,30330,16670,0,16864,9478,16659,0,16996,2521,16640
4,10682511,10698767,653,32833,2,45,-31,106,-1,-1,-1,-1,-1,-1,-1,-1,-1,-1,-1,-1,-1,-1,-1,-1
4,10682511,10698767,653,32833,3,45,-31,106,-1,-1,-1,-1,-1,-1,-1,-1,-1,-1,-1,-1,-1,-1,-1,-1
4,10698895,10715152,654,33353,0,21,-31,107,0,0,62399,17793,0,16448,11702,16836,0,16384,11232,49598,0,16256,8560,16814
4,10698895,10715152,654,34523,1,40,-32,105,0,16544,22418,49569,0,16704,9770,16760,0,16608,34626,16653,0,16864,54116,16647
4,10698895,10715152,654,34523,2,40,-32,105,-1,-1,-1,-1,-1,-1,-1,-1,-1,-1,-1,-1,-1,-1,-1,-1
4,10698895,10715152,654,34523,3,40,-32,105,-1,-1,-1,-1,-1,-1,-1,-1,-1,-1,-1,-1,-1,-1,-1,-1
4,10731664,10747920,656,14617,0,7,-31,104,0,0,28881,17796,0,16448,12280,16848,0,16256,1536,16730,0,16576,31334,16704
4,10731664,10747920,656,43851,1,14,-31,95,0,16768,48429,49483,0,16720,6642,16680,0,16776,30421,49438,0,16736,4987,16640
4,10731664,10747920,656,481,2,20,-31,105,0,16544,29260,16610,0,16640,8796,49376,0,16848,992,16633,0,17028,20207,49378
4,10731664,10747920,656,1443,3,49,-31,104,0,16832,48475,49355,0,16912,3815,16576,0,16960,3815,49344,0,16980,3815,16576
4,10748048,10764304,657,4329,0,6,-32,105,0,0,34718,17785,0,16608,38801,50134,0,16736,23085,17321,0,16448,33266,17298
4,10748048,10764304,657,12987,1,71,-32,106,0,16256,23560,17216,0,17134,20764,49960,0,17004,4632,49898,0,16864,42144,17109
4,10748048,10764304,657,38961,2,83,-33,103,0,17000,3446,17070,0,16996,3962,16968,0,16992,4269,16856,0,17128,44401,16843
4,10748048,10764304,657,38961,3,83,-33,103,-1,-1,-1,-1,-1,-1,-1,-1,-1,-1,-1,-1,-1,-1,-1,-1
4,10764432,10780688,658,22969,0,3,-31,105,0,0,43316,17795,0,16448,14659,16888,0,16256,35226,16832,0,16544,23455,16784
4,10764432,10780688,658,3371,1,23,-33,103,0,16608,12420,16787,0,16720,5225,16772,0,17004,3474,16688,0,16576,54532,49449
4,10764432,10780688,658,10113,2,42,-33,105,0,16512,34717,49421,0,16944,2543,16640,0,16840,992,49401,0,16872,902,16633
4,10764432,10780688,658,30339,3,78,-35,106,0,16752,7617,16576,0,16980,3179,16544,0,17102,3059,49333,0,17134,3059,49333
4,10780816,10797072,659,25481,0,4,-31,107,0,0,2062,17796,0,16512,18456,49673,0,16384,7661,49665,0,16256,63152,49584
4,10780816,10797072,659,10907,1,33,-32,105,0,16656,5225,49540,0,16784,54139,49543,0,17042,61550,49528,0,16912,3792,49472
4,10780816,10797072,659,32721,2,76,-31,106,0,16544,33498,16670,0,16640,6347,16544,0,16900,3224,16544,0,16908,3224,16544
4,10780816,10797072,659,32721,3,76,-31,106,-1,-1,-1,-1,-1,-1,-1,-1,-1,-1,-1,-1,-1,-1,-1,-1
4,10797200,10813456,660,32345,0,53,-31,104,0,0,8949,17796,0,16608,10255,49589,0,16752,6053,49560,0,16448,11249,16708
4,10797200,10813456,660,32345,1,53,-31,104,-1,-1,-1,-1,-1,-1,-1,-1,-1,-1,-1,-1,-1,-1,-1,-1
4,10797200,10813456,660,32345,2,53,-31,104,-1,-1,-1,-1,-1,-1,-1,-1,-1,-1,-1,-1,-1,-1,-1,-1
4,10797200,10813456,660,32345,3,53,-31,104,-1,-1,-1,-1,-1,-1,-1,-1,-1,-1,-1,-1,-1,-1,-1,-1
4,10813584,10829840,661,28961,0,78,-31,105,0,0,42054,17798,0,16256,56620,49676,0,16768,45631,49517,0,16672,8682,49496
4,10813584,10829840,661,21347,1,110,-32,106,0,16448,9142,49436,0,16544,56968,49415,0,16576,13502,49410,0,16824,24734,49378
4,10813584,10829840,661,21347,2,110,-32,106,-1,-1,-1,-1,-1,-1,-1,-1,-1,-1,-1,-1,-1,-1,-1,-1
4,10813584,10829840,661,21347,3,110,-32,106,-1,-1,-1,-1,-1,-1,-1,-1,-1,-1,-1,-1,-1,-1,-1,-1
4,10829968,10846224,662,61051,0,64,-31,107,0,0,49001,17799,0,16752,8886,16736,0,16384,12574,49496,0,16256,45496,16718
4,10829968,10846224,662,52081,1,77,-31,105,0,16608,52367,16715,0,16448,10479,16692,0,16880,9478,16659,0,16672,5168,16640
4,10829968,10846224,662,25171,2,84,-31,105,0,16792,902,49401,0,16900,3815,49344,0,17012,3815,16576,0,16512,10301,49333
4,10829968,10846224,662,9977,3,112,-31,106,0,16656,6438,49312,0,17000,3179,49312,0,17140,3059,16565,0,16736,4897,49280
4,10846352,10862608,663,29931,0,55,-32,104,0,0,12934,17796,0,16656,9566,16752,0,16256,47883,49435,0,16544,12375,49427
4,10846352,10862608,663,24257,1,59,-33,104,0,16448,7793,49408,0,16512,13502,49410,0,16920,4450,16608,0,16688,7027,16560
4,10846352,10862608,663,7235,2,110,-33,104,0,16792,6589,16565,0,16912,3179,49312,0,16916,3179,16544,0,17044,3059,16565
4,10846352,10862608,663,7235,3,110,-33,104,-1,-1,-1,-1,-1,-1,-1,-1,-1,-1,-1,-1,-1,-1,-1,-1
4,10862736,10878992,664,65115,0,33,-34,99,0,0,27856,17797,0,16256,18155,49613,0,16384,14851,49532,0,16544,7008,49512
4,10862736,10878992,664,64273,1,55,-35,103,0,16672,6642,49448,0,16448,14454,16624,0,16512,29079,16610,0,16776,992,16633
4,10862736,10878992,664,61747,2,64,-35,105,0,17086,20207,49378,0,16608,8226,49367,0,16656,7617,49344,0,16768,48475,16587
4,10862736,10878992,664,54169,3,106,-35,104,0,16752,6257,49312,0,16932,3179,49312,0,17012,3179,49312,0,17038,3059,49333
4,10895504,10911760,666,28769,0,117,-35,105,0,0,48503,17599,0,16608,321,17168,0,16720,9663,49908,0,16688,8437,49877
4,10895504,10911760,666,28769,1,117,-35,105,-1,-1,-1,-1,-1,-1,-1,-1,-1,-1,-1,-1,-1,-1,-1,-1
4,10895504,10911760,666,28769,2,117,-35,105,-1,-1,-1,-1,-1,-1,-1,-1,-1,-1,-1,-1,-1,-1,-1,-1
4,10895504,10911760,666,28769,3,117,-35,105,-1,-1,-1,-1,-1,-1,-1,-1,-1,-1,-1,-1,-1,-1,-1,-1
4,10911888,10928144,667,62313,0,4,-35,105,0,0,43255,17602,0,16448,9861,49958,0,16256,16703,49903,0,16856,14952,49876
4,10911888,10928144,667,55867,1,49,-36,103,0,16776,17804,17074,0,16848,41548,17051,0,16544,12406,17043,0,16640,5151,17026
4,10911888,10928144,667,36529,2,88,-35,104,0,16784,12104,49782,0,16816,2369,17000,0,16576,35268,16984,0,16688,8308,49746
4,10911888,10928144,667,44051,3,93,-35,102,0,16656,7611,49728,0,16952,3009,49688,0,16720,5860,49684,0,16944,2853,16912
4,10928272,10944528,668,1081,0,111,-36,103,0,0,11571,17553,0,16256,54262,17290,0,16384,46816,17260,0,16672,5068,17152
4,10928272,10944528,668,1081,1,111,-36,103,-1,-1,-1,-1,-1,-1,-1,-1,-1,-1,-1,-1,-1,-1,-1,-1
4,10928272,10944528,668,1081,2,111,-36,103,-1,-1,-1,-1,-1,-1,-1,-1,-1,-1,-1,-1,-1,-1,-1,-1
4,10928272,10944528,668,1081,3,111,-36,103,-1,-1,-1,-1,-1,-1,-1,-1,-1,-1,-1,-1,-1,-1,-1,-1
4,10944656,10960912,669,9729,0,5,-36,101,0,0,55699,17732,0,16256,5519,50317,0,16688,58604,50158,0,16544,10717,50104
4,10944656,10960912,669,29187,1,51,-37,94,0,16384,41290,50063,0,16948,4871,50038,0,16816,35848,50015,0,16808,942,17017
4,10944656,10960912,669,22025,2,69,-35,103,0,16940,4592,17000,0,16784,47010,49756,0,16512,46365,49749,0,17076,23730,49728
4,10944656,10960912,669,22025,3,69,-35,103,-1,-1,-1,-1,-1,-1,-1,-1,-1,-1,-1,-1,-1,-1,-1,-1
4,10961040,10977296,670,1617,0,1,-35,104,0,0,37579,17796,0,16448,7612,16768,0,16608,5790,16761,0,16512,34536,49421
4,10961040,10977296,670,1617,1,1,-35,104,-1,-1,-1,-1,-1,-1,-1,-1,-1,-1,-1,-1,-1,-1,-1,-1
4,10961040,10977296,670,1617,2,1,-35,104,-1,-1,-1,-1,-1,-1,-1,-1,-1,-1,-1,-1,-1,-1,-1,-1
4,10961040,10977296,670,1617,3,1,-35,104,-1,-1,-1,-1,-1,-1,-1,-1,-1,-1,-1,-1,-1,-1,-1,-1
4,10977424,10993680,671,14553,0,13,-35,104,0,0,50378,17792,0,16256,18336,16845,0,16384,11039,16826,0,16544,7008,16744
4,10977424,10993680,671,43659,1,42,-35,103,0,16816,51318,16681,0,16576,34626,16653,0,16704,6257,49312,0,16608,12194,49299
4,10977424,10993680,671,65441,2,59,-34,105,0,16768,54071,16519,0,16800,30330,16542,0,16900,2543,16512,0,16964,2588,49280
4,10977424,10993680,671,65441,3,59,-34,105,-1,-1,-1,-1,-1,-1,-1,-1,-1,-1,-1,-1,-1,-1,-1,-1
4,10993808,11010064,672,64681,0,100,-36,103,0,0,31357,17795,0,16256,9957,49739,0,16384,9991,49576,0,16512,55705,49560
4,10993808,11010064,672,64681,1,100,-36,103,-1,-1,-1,-1,-1,-1,-1,-1,-1,-1,-1,-1,-1,-1,-1,-1
4,10993808,11010064,672,64681,2,100,-36,103,-1,-1,-1,-1,-1,-1,-1,-1,-1,-1,-1,-1,-1,-1,-1,-1
4,10993808,11010064,672,64681,3,100,-36,103,-1,-1,-1,-1,-1,-1,-1,-1,-1,-1,-1,-1,-1,-1,-1,-1
4,11026576,11042832,674,42451,0,4,-35,102,0,0,60587,17793,0,16384,15035,49789,0,16784,24688,16994,0,16512,11315,16932
4,11026576,11042832,674,61817,1,26,-34,104,0,16656,5458,49674,0,16792,26087,49617,0,16544,41332,16846,0,16752,7571,49600
4,11026576,11042832,674,61817,2,26,-34,104,-1,-1,-1,-1,-1,-1,-1,-1,-1,-1,-1,-1,-1,-1,-1,-1
4,11026576,11042832,674,61817,3,26,-34,104,-1,-1,-1,-1,-1,-1,-1,-1,-1,-1,-1,-1,-1,-1,-1,-1
4,11042960,11059216,675,32065,0,32,-34,103,0,0,26776,17768,0,16256,42657,50058,0,16512,22092,17254,0,16688,39202,49954
4,11042960,11059216,675,32065,1,32,-34,103,-1,-1,-1,-1,-1,-1,-1,-1,-1,-1,-1,-1,-1,-1,-1,-1
4,11042960,11059216,675,32065,2,32,-34,103,-1,-1,-1,-1,-1,-1,-1,-1,-1,-1,-1,-1,-1,-1,-1,-1
4,11042960,11059216,675,32065,3,32,-34,103,-1,-1,-1,-1,-1,-1,-1,-1,-1,-1,-1,-1,-1,-1,-1,-1
4,11059344,11075600,676,26441,0,8,-33,104,0,0,54270,17773,0,16544,57692,50212,0,16256,1355,50128,0,16384,43013,17324
4,11059344,11075600,676,26441,1,8,-33,104,-1,-1,-1,-1,-1,-1,-1,-1,-1,-1,-1,-1,-1,-1,-1,-1
4,11059344,11075600,676,26441,2,8,-33,104,-1,-1,-1,-1,-1,-1,-1,-1,-1,-1,-1,-1,-1,-1,-1,-1
4,11059344,11075600,676,26441,3,8,-33,104,-1,-1,-1,-1,-1,-1,-1,-1,-1,-1,-1,-1,-1,-1,-1,-1
4,11075728,11091984,677,41361,0,1,-33,106,0,0,35580,17793,0,16856,49851,16826,0,16736,5203,49540,0,16608,10119,49461
4,11075728,11091984,677,58547,1,40,-33,104,0,16864,6589,49461,0,16980,3134,49440,0,16448,8576,49428,0,16656,5962,49432
4,11075728,11091984,677,44569,2,105,-33,105,0,16384,7250,16640,0,16512,34536,49421,0,16544,49931,16621,0,17004,4450,16608
4,11075728,11091984,677,2635,3,114,-33,105,0,17110,20207,49378,0,16576,7864,49367,0,16672,8206,16592,0,16848,48384,49355
4,11092112,11108368,678,7905,0,3,-33,103,0,0,1626,17789,0,16544,50047,50177,0,16672,40230,50108,0,16256,42466,50078
4,11092112,11108368,678,23715,1,17,-33,106,0,16384,8907,17302,0,16808,57280,50050,0,16936,3840,49986,0,16928,3405,17068
4,11092112,11108368,678,5609,2,87,-33,102,0,17066,16036,49825,0,16800,54133,17031,0,17056,39117,17022,0,16924,3332,16936
4,11092112,11108368,678,5609,3,87,-33,102,-1,-1,-1,-1,-1,-1,-1,-1,-1,-1,-1,-1,-1,-1,-1,-1
4,11108496,11124752,679,50481,0,4,-33,103,0,0,22845,17798,0,16256,43333,16899,0,16384,13605,16868,0,16448,10467,16816
4,11108496,11124752,679,20371,1,61,-33,105,0,16720,6642,49448,0,16672,5168,16640,0,16736,4987,49408,0,16800,54162,16647
4,11108496,11124752,679,61113,2,96,-33,103,0,17060,51446,16647,0,16608,7864,49367,0,16980,3815,49344,0,16992,3815,16576
4,11108496,11124752,679,52267,3,114,-33,104,0,17104,51446,16519,0,17118,51446,16519,0,16544,53091,16459,0,16864,24552,16482
4,11124880,11141136,680,25729,0,76,-36,106,0,0,29606,17796,0,16448,11897,16969,0,16720,5078,16896,0,16256,63827,16799
4,11124880,11141136,680,11651,1,111,-36,105,0,16984,3769,16704,0,17112,44401,16715,0,16384,10286,16688,0,16576,10210,16693
4,11124880,11141136,680,11651,2,111,-36,105,-1,-1,-1,-1,-1,-1,-1,-1,-1,-1,-1,-1,-1,-1,-1,-1
4,11124880,11141136,680,11651,3,111,-36,105,-1,-1,-1,-1,-1,-1,-1,-1,-1,-1,-1,-1,-1,-1,-1,-1
4,11157648,11173904,682,52433,0,3,-37,105,0,0,50768,17775,0,16544,51214,50196,0,16384,11526,17346,0,16800,32675,17299
4,11157648,11173904,682,26227,1,40,-36,106,0,16256,60360,50016,0,16808,49562,49949,0,16940,3029,49945,0,16928,4751,17136
4,11157648,11173904,682,13145,2,64,-36,102,0,16672,8081,17100,0,16576,26552,17035,0,17070,51446,49799,0,17058,62662,17028
4,11157648,11173904,682,39435,3,78,-37,101,0,16608,5813,49785,0,16704,7849,16966,0,16448,11444,49729,0,17068,8342,49666
4,11174032,11190288,683,52769,0,66,-37,105,0,0,54110,17689,0,16256,56460,17430,0,16384,236,17294,0,16640,7005,17201
4,11174032,11190288,683,27235,1,72,-37,103,0,16512,43645,17173,0,16904,4987,17148,0,16448,47589,17145,0,16832,59000,17038
4,11174032,11190288,683,16169,2,76,-36,94,0,16776,12096,17014,0,16704,8869,16992,0,16576,22429,16929,0,16656,6104,49690
4,11174032,11190288,683,48507,3,104,-36,103,0,16752,5231,16900,0,16792,65287,16900,0,17048,61550,49656,0,16920,4121,49616
4,11190416,11206672,684,14449,0,15,-37,105,0,0,27421,17790,0,16640,25580,50152,0,16512,2276,50076,0,16900,4612,50025
4,11190416,11206672,684,14449,1,15,-37,105,-1,-1,-1,-1,-1,-1,-1,-1,-1,-1,-1,-1,-1,-1,-1,-1
4,11190416,11206672,684,14449,2,15,-37,105,-1,-1,-1,-1,-1,-1,-1,-1,-1,-1,-1,-1,-1,-1,-1,-1
4,11190416,11206672,684,14449,3,15,-37,105,-1,-1,-1,-1,-1,-1,-1,-1,-1,-1,-1,-1,-1,-1,-1,-1
4,11223184,11239440,686,62443,0,23,-34,106,0,0,56539,17792,0,16608,167,49575,0,16384,13707,49512,0,16576,7099,49512
4,11223184,11239440,686,56257,1,30,-33,101,0,17004,3474,49456,0,16960,3156,16672,0,16924,2838,49424,0,16988,2521,16640
4,11223184,11239440,686,37699,2,51,-33,105,0,17100,51446,49415,0,16816,902,16633,0,16856,24734,16610,0,17028,20207,16610
4,11223184,11239440,686,47561,3,61,-33,105,0,16872,48384,49355,0,16512,54803,16553,0,16656,6257,49312,0,16736,6257,49312
4,11239568,11255824,687,11611,0,18,-33,103,0,0,49477,17795,0,16384,13274,49759,0,16256,27075,49661,0,16608,52503,16843
4,11239568,11255824,687,11611,1,18,-33,103,-1,-1,-1,-1,-1,-1,-1,-1,-1,-1,-1,-1,-1,-1,-1,-1
4,11239568,11255824,687,11611,2,18,-33,103,-1,-1,-1,-1,-1,-1,-1,-1,-1,-1,-1,-1,-1,-1,-1,-1
4,11239568,11255824,687,11611,3,18,-33,103,-1,-1,-1,-1,-1,-1,-1,-1,-1,-1,-1,-1,-1,-1,-1,-1
4,11255952,11272208,688,38963,0,10,-37,102,0,0,34556,17794,0,16608,54667,16809,0,17020,3315,16808,0,16888,9501,16787
4,11255952,11272208,688,51353,1,30,-38,103,0,16752,5225,16772,0,16832,48384,16715,0,16800,6634,49461,0,16256,46846,49452
4,11255952,11272208,688,51353,2,30,-38,103,-1,-1,-1,-1,-1,-1,-1,-1,-1,-1,-1,-1,-1,-1,-1,-1
4,11255952,11272208,688,51353,3,30,-38,103,-1,-1,-1,-1,-1,-1,-1,-1,-1,-1,-1,-1,-1,-1,-1,-1
4,11288720,11304976,690,3425,0,76,-33,105,0,0,10698,17795,0,16256,38740,49769,0,16544,31334,49728,0,16512,5790,16761
4,11288720,11304976,690,3425,1,76,-33,105,-1,-1,-1,-1,-1,-1,-1,-1,-1,-1,-1,-1,-1,-1,-1,-1
4,11288720,11304976,690,3425,2,76,-33,105,-1,-1,-1,-1,-1,-1,-1,-1,-1,-1,-1,-1,-1,-1,-1,-1
4,11288720,11304976,690,3425,3,76,-33,105,-1,-1,-1,-1,-1,-1,-1,-1,-1,-1,-1,-1,-1,-1,-1,-1
4,11305104,11321360,691,30825,0,8,-35,106,0,0,55638,17795,0,16256,45496,16846,0,16752,6257,16672,0,16888,9523,49427
4,11305104,11321360,691,30825,1,8,-35,106,-1,-1,-1,-1,-1,-1,-1,-1,-1,-1,-1,-1,-1,-1,-1,-1
4,11305104,11321360,691,30825,2,8,-35,106,-1,-1,-1,-1,-1,-1,-1,-1,-1,-1,-1,-1,-1,-1,-1,-1
4,11305104,11321360,691,30825,3,8,-35,106,-1,-1,-1,-1,-1,-1,-1,-1,-1,-1,-1,-1,-1,-1,-1,-1
4,11321488,11337744,692,15281,0,72,-33,107,0,0,41990,17797,0,16256,32930,49651,0,16448,11130,49594,0,16384,9612,49570
4,11321488,11337744,692,45843,1,85,-32,107,0,16512,56832,49543,0,16792,27577,16704,0,16656,7322,49464,0,16784,6634,49461
4,11321488,11337744,692,45843,2,85,-32,107,-1,-1,-1,-1,-1,-1,-1,-1,-1,-1,-1,-1,-1,-1,-1,-1
4,11321488,11337744,692,45843,3,85,-32,107,-1,-1,-1,-1,-1,-1,-1,-1,-1,-1,-1,-1,-1,-1,-1,-1
4,11337872,11354128,693,19371,0,1,-33,107,0,0,26955,17800,0,16544,29079,49378,0,16704,8796,16608,0,16448,11804,16584
4,11337872,11354128,693,58113,1,6,-33,103,0,16752,7617,16576,0,16256,36354,49327,0,16576,12737,16531,0,16688,5667,49296
4,11337872,11354128,693,43267,2,109,-33,106,0,17016,2543,16512,0,17062,51446,49287,0,16944,3815,49216,0,16992,3815,16448
4,11337872,11354128,693,64265,3,118,-33,106,0,16384,9878,16416,0,16656,4716,16384,0,16736,4716,49152,0,16800,54162,49159
4,11354256,11370512,694,61723,0,29,-33,106,0,0,58600,17796,0,16384,8182,16905,0,16512,54713,16809,0,16448,7998,49544
4,11354256,11370512,694,61723,1,29,-33,106,-1,-1,-1,-1,-1,-1,-1,-1,-1,-1,-1,-1,-1,-1,-1,-1
4,11354256,11370512,694,61723,2,29,-33,106,-1,-1,-1,-1,-1,-1,-1,-1,-1,-1,-1,-1,-1,-1,-1,-1
4,11354256,11370512,694,61723,3,29,-33,106,-1,-1,-1,-1,-1,-1,-1,-1,-1,-1,-1,-1,-1,-1,-1,-1
4,11370640,11386896,695,31219,0,52,-33,107,0,0,40903,17797,0,16920,4450,16608,0,17050,20207,16610,0,16256,57749,49338
4,11370640,11386896,695,31219,1,52,-33,107,-1,-1,-1,-1,-1,-1,-1,-1,-1,-1,-1,-1,-1,-1,-1,-1
4,11370640,11386896,695,31219,2,52,-33,107,-1,-1,-1,-1,-1,-1,-1,-1,-1,-1,-1,-1,-1,-1,-1,-1
4,11370640,11386896,695,31219,3,52,-33,107,-1,-1,-1,-1,-1,-1,-1,-1,-1,-1,-1,-1,-1,-1,-1,-1
4,11387024,11403280,696,18827,0,15,-32,98,0,0,17886,17730,0,16256,44013,17556,0,16576,41472,17463,0,16448,60249,17338
4,11387024,11403280,696,56481,1,41,-33,106,0,16608,32652,49921,0,16840,7232,17135,0,16704,7484,17085,0,16736,6928,49839
4,11387024,11403280,696,56481,2,41,-33,106,-1,-1,-1,-1,-1,-1,-1,-1,-1,-1,-1,-1,-1,-1,-1,-1
4,11387024,11403280,696,56481,3,41,-33,106,-1,-1,-1,-1,-1,-1,-1,-1,-1,-1,-1,-1,-1,-1,-1,-1
4,11403408,11419664,697,49577,0,66,-33,106,0,0,45355,17595,0,16608,6090,49867,0,16512,13276,49840,0,16848,35256,49829
4,11403408,11419664,697,17659,1,115,-33,106,0,16816,19227,49825,0,16880,14361,49818,0,16768,52709,17048,0,17008,2969,49814
4,11403408,11419664,697,17659,2,115,-33,106,-1,-1,-1,-1,-1,-1,-1,-1,-1,-1,-1,-1,-1,-1,-1,-1
4,11403408,11419664,697,17659,3,115,-33,106,-1,-1,-1,-1,-1,-1,-1,-1,-1,-1,-1,-1,-1,-1,-1,-1
4,11436176,11452432,699,18041,0,32,-33,103,0,0,4317,17582,0,16256,65046,17370,0,16704,8036,17099,0,16576,23509,17040
4,11436176,11452432,699,54123,1,104,-39,103,0,16832,37270,16974,0,16448,12056,16971,0,16964,3880,16964,0,16384,10456,16944
4,11436176,11452432,699,54123,2,104,-39,103,-1,-1,-1,-1,-1,-1,-1,-1,-1,-1,-1,-1,-1,-1,-1,-1
4,11436176,11452432,699,54123,3,104,-39,103,-1,-1,-1,-1,-1,-1,-1,-1,-1,-1,-1,-1,-1,-1,-1,-1
4,11452560,11468816,700,31297,0,41,-33,102,0,0,43588,17683,0,16256,27918,50310,0,16448,33328,50195,0,16576,36684,50178
4,11452560,11468816,700,31297,1,41,-33,102,-1,-1,-1,-1,-1,-1,-1,-1,-1,-1,-1,-1,-1,-1,-1,-1
4,11452560,11468816,700,31297,2,41,-33,102,-1,-1,-1,-1,-1,-1,-1,-1,-1,-1,-1,-1,-1,-1,-1,-1
4,11452560,11468816,700,31297,3,41,-33,102,-1,-1,-1,-1,-1,-1,-1,-1,-1,-1,-1,-1,-1,-1,-1,-1
4,11468944,11485200,701,28355,0,19,-33,104,0,0,1761,17797,0,16384,10377,16816,0,16656,8002,16712,0,16576,12375,16659
4,11468944,11485200,701,19529,1,28,-33,104,0,16720,5078,49408,0,16544,29079,49378,0,16848,24643,49378,0,16920,4450,16608
4,11468944,11485200,701,19529,2,28,-33,104,-1,-1,-1,-1,-1,-1,-1,-1,-1,-1,-1,-1,-1,-1,-1,-1
4,11468944,11485200,701,19529,3,28,-33,104,-1,-1,-1,-1,-1,-1,-1,-1,-1,-1,-1,-1,-1,-1,-1,-1
4,11485328,11501584,702,44689,0,102,-33,104,0,0,8099,17794,0,16256,23426,16980,0,16384,10088,16810,0,16576,49075,16766
4,11485328,11501584,702,44689,1,102,-33,104,-1,-1,-1,-1,-1,-1,-1,-1,-1,-1,-1,-1,-1,-1,-1,-1
4,11485328,11501584,702,44689,2,102,-33,104,-1,-1,-1,-1,-1,-1,-1,-1,-1,-1,-1,-1,-1,-1,-1,-1
4,11485328,11501584,702,44689,3,102,-33,104,-1,-1,-1,-1,-1,-1,-1,-1,-1,-1,-1,-1,-1,-1,-1,-1
4,11501712,11517968,703,8985,0,60,-34,106,0,0,16797,17794,0,16256,62475,49794,0,16688,8229,49616,0,16448,7805,49540
4,11501712,11517968,703,26955,1,86,-34,105,0,16384,10852,49464,0,16544,11247,49444,0,16704,6347,49440,0,16752,5758,16656
4,11501712,11517968,703,26955,2,86,-34,105,-1,-1,-1,-1,-1,-1,-1,-1,-1,-1,-1,-1,-1,-1,-1,-1
4,11501712,11517968,703,26955,3,86,-34,105,-1,-1,-1,-1,-1,-1,-1,-1,-1,-1,-1,-1,-1,-1,-1,-1
4,11518096,11534352,704,45987,0,26,-33,105,0,0,44703,17794,0,16256,4238,16981,0,16832,51273,16809,0,16704,6325,16800
4,11518096,11534352,704,6889,1,36,-34,107,0,16448,12948,49500,0,16864,3746,49495,0,16544,8992,49478,0,16576,9173,16710
4,11518096,11534352,704,6889,2,36,-34,107,-1,-1,-1,-1,-1,-1,-1,-1,-1,-1,-1,-1,-1,-1,-1,-1
4,11518096,11534352,704,6889,3,36,-34,107,-1,-1,-1,-1,-1,-1,-1,-1,-1,-1,-1,-1,-1,-1,-1,-1
4,11534480,11550736,705,62001,0,100,-33,104,0,0,45429,17794,0,16688,9804,49784,0,16944,4587,17000,0,16544,59644,16944
4,11534480,11550736,705,62001,1,100,-33,104,-1,-1,-1,-1,-1,-1,-1,-1,-1,-1,-1,-1,-1,-1,-1,-1
4,11534480,11550736,705,62001,2,100,-33,104,-1,-1,-1,-1,-1,-1,-1,-1,-1,-1,-1,-1,-1,-1,-1,-1
4,11534480,11550736,705,62001,3,100,-33,104,-1,-1,-1,-1,-1,-1,-1,-1,-1,-1,-1,-1,-1,-1,-1,-1
4,11550864,11567120,706,33721,0,23,-33,105,0,0,12278,17768,0,16384,61683,17234,0,16448,11591,49987,0,16808,8362,17217
4,11550864,11567120,706,35627,1,62,-35,106,0,16256,7018,17189,0,16544,55733,17176,0,16720,38326,49932,0,16672,5384,17160
4,11550864,11567120,706,41345,2,68,-34,104,0,16576,63343,49910,0,16980,3009,49816,0,16848,37270,49742,0,16704,6483,16932
4,11550864,11567120,706,58499,3,75,-34,107,0,17110,27252,49694,0,17068,8342,16898,0,16688,9158,49640,0,16512,41287,49614
4,11567248,11583504,707,44425,0,15,-33,105,0,0,15550,17774,0,16576,21739,50193,0,16448,29285,50137,0,16840,33830,50102
4,11567248,11583504,707,2203,1,16,-33,106,0,16704,6612,50087,0,16824,59297,17195,0,16384,9391,17182,0,16688,5701,17168
4,11567248,11583504,707,6609,2,69,-33,103,0,16256,40360,17160,0,17098,18446,49907,0,16544,14138,17101,0,16968,3484,49840
4,11567248,11583504,707,19827,3,82,-33,105,0,16956,4910,17016,0,16768,44164,49662,0,16896,4428,49632,0,17082,20207,16866
4,11583632,11599888,708,59481,0,14,-33,102,0,0,64212,17793,0,16256,10182,16908,0,16880,31797,49549,0,16752,5078,16768
4,11583632,11599888,708,47371,1,38,-33,107,0,16768,27532,16704,0,16896,3179,16672,0,17016,2838,16656,0,16640,5373,16648
4,11583632,11599888,708,11041,2,40,-33,106,0,17144,51446,16647,0,16576,10301,16565,0,16900,3179,16544,0,17090,3059,16565
4,11583632,11599888,708,11041,3,40,-33,106,-1,-1,-1,-1,-1,-1,-1,-1,-1,-1,-1,-1,-1,-1,-1,-1
4,11616400,11632656,710,35963,0,9,-32,104,0,0,18196,17799,0,16256,680,16875,0,16384,11804,16712,0,16832,9523,16659
4,11616400,11632656,710,42353,1,79,-31,105,0,16880,9523,49427,0,16448,8179,49416,0,16576,54622,49321,0,16888,6680,16565
4,11616400,11632656,710,61523,2,79,-32,104,0,17004,3179,16544,0,17054,3059,49333,0,17058,3059,49333,0,17146,3059,49333
4,11616400,11632656,710,53497,3,87,-31,104,0,16512,33046,16542,0,16656,4897,16512,0,16856,54162,49287,0,16908,2543,49280
4,11632784,11649040,711,29419,0,19,-36,105,0,0,4300,17797,0,16720,5055,49664,0,16752,5100,16896,0,16608,20253,16835
4,11632784,11649040,711,22721,1,22,-32,97,0,16448,8281,49548,0,16576,6918,49512,0,16544,8136,16727,0,17012,3815,16704
4,11632784,11649040,711,2627,2,38,-32,107,0,16704,5962,16664,0,16944,2861,16656,0,16880,24734,16610,0,17114,20207,49378
4,11632784,11649040,711,7881,3,61,-33,106,0,17142,20207,16610,0,16984,3815,49344,0,16384,10648,49328,0,16856,6589,49333
4,11649168,11665424,712,23643,0,17,-33,102,0,0,45343,17781,0,16608,56815,17287,0,16256,45800,17253,0,16704,38488,17168
4,11649168,11665424,712,5393,1,80,-32,106,0,16720,38408,49934,0,16880,30092,17153,0,16964,4275,17112,0,16752,7478,17085
4,11649168,11665424,712,16179,2,101,-32,99,0,16980,3602,49846,0,16576,16314,49835,0,16832,30387,17054,0,16848,30387,49822
4,11649168,11665424,712,16179,3,101,-32,99,-1,-1,-1,-1,-1,-1,-1,-1,-1,-1,-1,-1,-1,-1,-1,-1
4,11665552,11681808,713,14539,0,2,-33,106,0,0,32998,17769,0,16576,44926,50193,0,16840,54430,50084,0,16448,1012,50075
4,11665552,11681808,713,43617,1,15,-33,104,0,16704,9228,50025,0,16512,10009,50019,0,16256,33312,17227,0,16776,49563,49949
4,11665552,11681808,713,65315,2,58,-33,106,0,16384,57693,49935,0,16640,5543,49932,0,16960,4435,17120,0,16832,8070,17060
4,11665552,11681808,713,65315,3,58,-33,106,-1,-1,-1,-1,-1,-1,-1,-1,-1,-1,-1,-1,-1,-1,-1,-1
4,11681936,11698192,714,64873,0,75,-33,105,0,0,12137,17725,0,16256,10907,17461,0,16384,57392,17290,0,16448,29939,17252
4,11681936,11698192,714,64873,1,75,-33,105,-1,-1,-1,-1,-1,-1,-1,-1,-1,-1,-1,-1,-1,-1,-1,-1
4,11681936,11698192,714,64873,2,75,-33,105,-1,-1,-1,-1,-1,-1,-1,-1,-1,-1,-1,-1,-1,-1,-1,-1
4,11681936,11698192,714,64873,3,75,-33,105,-1,-1,-1,-1,-1,-1,-1,-1,-1,-1,-1,-1,-1,-1,-1,-1
4,11698320,11714576,715,59569,0,23,-33,104,0,0,60572,17752,0,16384,3501,50245,0,16256,48553,50234,0,16800,60454,50126
4,11698320,11714576,715,47635,1,29,-33,101,0,16672,5741,50065,0,16544,13165,49991,0,16656,5304,17030,0,16792,27532,16960
4,11698320,11714576,715,11833,2,53,-33,103,0,16512,15232,16956,0,16924,2533,16896,0,17060,40879,49645,0,16448,9804,49574
4,11698320,11714576,715,11833,3,53,-33,103,-1,-1,-1,-1,-1,-1,-1,-1,-1,-1,-1,-1,-1,-1,-1,-1
4,11714704,11730960,716,40961,0,109,-33,104,0,0,29181,17795,0,16384,10660,16948,0,16448,8943,49558,0,16688,8501,49496
4,11714704,11730960,716,40961,1,109,-33,104,-1,-1,-1,-1,-1,-1,-1,-1,-1,-1,-1,-1,-1,-1,-1,-1
4,11714704,11730960,716,40961,2,109,-33,104,-1,-1,-1,-1,-1,-1,-1,-1,-1,-1,-1,-1,-1,-1,-1,-1
4,11714704,11730960,716,40961,3,109,-33,104,-1,-1,-1,-1,-1,-1,-1,-1,-1,-1,-1,-1,-1,-1,-1,-1
4,11731088,11747344,717,40969,0,2,-33,106,0,0,39204,17793,0,16384,8473,16784,0,16888,48429,16715,0,16640,6551,16680
4,11731088,11747344,717,57371,1,43,-33,103,0,16924,2838,16656,0,16752,5373,16648,0,16448,13345,16616,0,16792,48475,16587
4,11731088,11747344,717,41041,2,76,-32,105,0,16824,48475,49355,0,16944,3860,16576,0,16512,10119,16565,0,16928,3134,49312
4,11731088,11747344,717,41041,3,76,-32,105,-1,-1,-1,-1,-1,-1,-1,-1,-1,-1,-1,-1,-1,-1,-1,-1
4,11747472,11763728,718,41689,0,53,-33,107,0,0,5624,17795,0,16256,54189,49790,0,16672,7299,16824,0,16512,34626,49549
4,11747472,11763728,718,59531,1,82,-33,107,0,16688,9521,49520,0,16964,3179,49440,0,16776,30421,49438,0,16840,9523,16659
4,11747472,11763728,718,59531,2,82,-33,107,-1,-1,-1,-1,-1,-1,-1,-1,-1,-1,-1,-1,-1,-1,-1,-1
4,11747472,11763728,718,59531,3,82,-33,107,-1,-1,-1,-1,-1,-1,-1,-1,-1,-1,-1,-1,-1,-1,-1,-1
4,11763856,11780112,719,11491,0,14,-33,104,0,0,43979,17794,0,16512,2444,16901,0,16384,7661,16897,0,16704,8206,16720
4,11763856,11780112,719,34473,1,34,-34,105,0,16992,3452,16688,0,16608,34536,49421,0,16960,2543,49408,0,16752,9566,49392
4,11763856,11780112,719,37883,2,59,-33,104,0,16832,48475,49355,0,16988,3815,49344,0,16256,57749,16570,0,16784,6589,16565
4,11763856,11780112,719,48113,3,80,-33,106,0,16856,6589,49333,0,16880,6589,49333,0,16908,3179,16544,0,16912,3179,16544
4,11780240,11796496,720,13267,0,7,-33,106,0,0,18172,17787,0,16544,5106,50117,0,16936,35549,50060,0,16672,5424,50057
4,11780240,11796496,720,39801,1,21,-33,106,0,16384,63563,17266,0,16256,12863,50010,0,16808,45285,50000,0,16800,30683,17211
4,11780240,11796496,720,53867,2,59,-33,105,0,16792,13529,16997,0,16928,4354,16988,0,16512,47436,16964,0,16656,6727,16938
4,11780240,11796496,720,30529,3,84,-33,107,0,17060,27252,16926,0,16932,3010,16920,0,16924,2770,16908,0,17058,44401,16843
4,11796624,11812880,721,26051,0,20,-34,104,0,0,27732,17795,0,16576,32416,49711,0,16384,7805,16900,0,16544,18043,16869
4,11796624,11812880,721,12617,1,43,-34,103,0,16972,3327,49576,0,16448,9804,49574,0,16672,6155,16796,0,16840,45586,49517
4,11796624,11812880,721,37851,2,63,-33,104,0,16256,25813,49441,0,16640,6732,49448,0,16704,6053,49432,0,16736,8796,16608
4,11796624,11812880,721,48017,3,73,-33,107,0,16776,24734,49378,0,16784,24734,16610,0,16872,24734,16610,0,16608,54622,16553
4,11813008,11829264,722,12979,0,18,-33,104,0,0,10398,17796,0,16448,11708,16838,0,16608,11247,49444,0,16544,29079,49378
4,11813008,11829264,722,38937,1,24,-33,105,0,16384,13299,49368,0,16672,7617,49344,0,16640,8977,16480,0,16704,8977,49248
4,11813008,11829264,722,51275,2,66,-33,106,0,16840,24734,16482,0,16936,3815,49216,0,17008,3815,49216,0,16256,13921,16437
4,11813008,11829264,722,22753,3,80,-33,100,0,16656,5078,16384,0,16736,5078,16384,0,16752,6257,49184,0,16848,54162,16391
4,11829392,11845648,723,2723,0,59,-32,105,0,0,47727,17796,0,16256,49145,49655,0,16544,23455,49552,0,16956,4133,49488
4,11829392,11845648,723,8169,1,107,-32,104,0,16816,48475,49483,0,16448,7817,49416,0,16512,56787,16647,0,16656,5373,16648
4,11829392,11845648,723,8169,2,107,-32,104,-1,-1,-1,-1,-1,-1,-1,-1,-1,-1,-1,-1,-1,-1,-1,-1
4,11829392,11845648,723,8169,3,107,-32,104,-1,-1,-1,-1,-1,-1,-1,-1,-1,-1,-1,-1,-1,-1,-1,-1
4,11845776,11862032,724,7985,0,72,-33,106,0,0,12097,17800,0,16256,56531,49483,0,16448,8552,49420,0,16576,13321,49410
4,11845776,11862032,724,7985,1,72,-33,106,-1,-1,-1,-1,-1,-1,-1,-1,-1,-1,-1,-1,-1,-1,-1,-1
4,11845776,11862032,724,7985,2,72,-33,106,-1,-1,-1,-1,-1,-1,-1,-1,-1,-1,-1,-1,-1,-1,-1,-1
4,11845776,11862032,724,7985,3,72,-33,106,-1,-1,-1,-1,-1,-1,-1,-1,-1,-1,-1,-1,-1,-1,-1,-1
4,11862160,11878416,725,6329,0,5,-33,104,0,0,16622,17797,0,16256,28515,16987,0,16544,18089,16869,0,16720,6449,16804
4,11862160,11878416,725,18987,1,13,-32,106,0,16384,7709,16770,0,16576,30297,16721,0,16736,8206,49488,0,16840,30421,49438
4,11862160,11878416,725,56961,2,44,-31,105,0,16848,9523,16659,0,17000,4450,49376,0,16944,3815,16576,0,16672,7027,49328
4,11862160,11878416,725,39811,3,68,-31,104,0,17004,3179,16544,0,17132,3059,16565,0,16640,4897,16512,0,16688,5078,49280
4,11894928,11911184,727,30619,0,114,-33,101,0,0,25876,17771,0,16448,55965,17463,0,16608,17114,17444,0,16256,42164,17410
4,11894928,11911184,727,30619,1,114,-33,101,-1,-1,-1,-1,-1,-1,-1,-1,-1,-1,-1,-1,-1,-1,-1,-1
4,11894928,11911184,727,30619,2,114,-33,101,-1,-1,-1,-1,-1,-1,-1,-1,-1,-1,-1,-1,-1,-1,-1,-1
4,11894928,11911184,727,30619,3,114,-33,101,-1,-1,-1,-1,-1,-1,-1,-1,-1,-1,-1,-1,-1,-1,-1,-1
4,11911312,11927568,728,13427,0,77,-33,105,0,0,8864,17591,0,16640,37856,49920,0,16672,9300,49899,0,16512,9131,49862
4,11911312,11927568,728,40281,1,82,-33,104,0,16704,7206,17078,0,16544,5222,49838,0,16736,6098,17050,0,16840,36680,17044
4,11911312,11927568,728,55307,2,105,-33,103,0,16872,49266,17024,0,17008,3960,49736,0,16976,3721,49724,0,16880,40125,49708
4,11911312,11927568,728,34849,3,109,-33,104,0,16848,30392,49694,0,16968,3009,16920,0,17098,49685,16920,0,17130,6581,16915
4,11927696,11943952,729,39011,0,15,-33,105,0,0,19809,17598,0,16512,41583,49952,0,16808,26113,17105,0,16640,8079,17100
4,11927696,11943952,729,39011,1,15,-33,105,-1,-1,-1,-1,-1,-1,-1,-1,-1,-1,-1,-1,-1,-1,-1,-1
4,11927696,11943952,729,39011,2,15,-33,105,-1,-1,-1,-1,-1,-1,-1,-1,-1,-1,-1,-1,-1,-1,-1,-1
4,11927696,11943952,729,39011,3,15,-33,105,-1,-1,-1,-1,-1,-1,-1,-1,-1,-1,-1,-1,-1,-1,-1,-1
4,11944080,11960336,730,23419,0,9,-33,104,0,0,64751,17598,0,16448,24775,17293,0,16256,56902,17187,0,16656,38727,49942
4,11944080,11960336,730,4721,1,15,-33,104,0,16384,8023,49927,0,16864,30387,17054,0,16916,2533,49792,0,16736,9269,17002
4,11944080,11960336,730,14163,2,68,-33,100,0,16784,49857,49722,0,16608,11321,16932,0,17038,29014,16909,0,16908,4910,16888
4,11944080,11960336,730,42489,3,100,-33,99,0,16776,49857,16826,0,16688,6959,16816,0,16640,5225,16772,0,16992,2532,16768
4,11960464,11976720,731,61931,0,49,-33,103,0,0,33357,17606,0,16608,5710,50225,0,16256,45860,50214,0,16448,20081,50120
4,11960464,11976720,731,61931,1,49,-33,103,-1,-1,-1,-1,-1,-1,-1,-1,-1,-1,-1,-1,-1,-1,-1,-1
4,11960464,11976720,731,61931,2,49,-33,103,-1,-1,-1,-1,-1,-1,-1,-1,-1,-1,-1,-1,-1,-1,-1,-1
4,11960464,11976720,731,61931,3,49,-33,103,-1,-1,-1,-1,-1,-1,-1,-1,-1,-1,-1,-1,-1,-1,-1,-1
4,11976848,11993104,732,33091,0,22,-33,104,0,0,58599,17796,0,16768,28976,16815,0,16256,64008,16799,0,16688,5860,16788
4,11976848,11993104,732,33737,1,52,-33,106,0,16640,9476,16752,0,16608,50383,16749,0,16512,30297,49489,0,16544,30206,16721
4,11976848,11993104,732,35675,2,87,-33,106,0,16576,30387,49489,0,16736,7322,16696,0,16912,3497,49456,0,16752,6053,49432
4,11976848,11993104,732,35675,3,87,-33,106,-1,-1,-1,-1,-1,-1,-1,-1,-1,-1,-1,-1,-1,-1,-1,-1
4,11993232,12009488,733,58931,0,49,-33,99,0,0,41079,17794,0,16256,45540,16911,0,16448,13509,16866,0,16384,11226,16828
4,11993232,12009488,733,45721,1,89,-33,107,0,16672,7617,16704,0,16544,32371,16687,0,16800,51318,16681,0,16512,55659,49432
4,11993232,12009488,733,45721,2,89,-33,107,-1,-1,-1,-1,-1,-1,-1,-1,-1,-1,-1,-1,-1,-1,-1,-1
4,11993232,12009488,733,45721,3,89,-33,107,-1,-1,-1,-1,-1,-1,-1,-1,-1,-1,-1,-1,-1,-1,-1,-1
4,12009616,12025872,734,18273,0,47,-33,105,0,0,11661,17793,0,16256,49909,49703,0,16448,13231,49632,0,16720,5713,49552
4,12009616,12025872,734,18273,1,47,-33,105,-1,-1,-1,-1,-1,-1,-1,-1,-1,-1,-1,-1,-1,-1,-1,-1
4,12009616,12025872,734,18273,2,47,-33,105,-1,-1,-1,-1,-1,-1,-1,-1,-1,-1,-1,-1,-1,-1,-1,-1
4,12009616,12025872,734,18273,3,47,-33,105,-1,-1,-1,-1,-1,-1,-1,-1,-1,-1,-1,-1,-1,-1,-1,-1
4,12026000,12042256,735,33385,0,9,-33,105,0,0,48390,17795,0,16448,11136,16956,0,16256,54413,16896,0,16656,6937,16688
4,12026000,12042256,735,34619,1,56,-33,106,0,16384,9335,16672,0,16512,50293,16621,0,16576,52186,49355,0,16672,8206,16592
4,12026000,12042256,735,34619,2,56,-33,106,-1,-1,-1,-1,-1,-1,-1,-1,-1,-1,-1,-1,-1,-1,-1,-1
4,12026000,12042256,735,34619,3,56,-33,106,-1,-1,-1,-1,-1,-1,-1,-1,-1,-1,-1,-1,-1,-1,-1,-1
4,12042384,12058640,736,49427,0,44,-32,106,0,0,56301,17794,0,16720,7775,49732,0,16848,5224,49734,0,16448,9374,49694
4,12042384,12058640,736,17209,1,96,-31,106,0,16608,60336,16891,0,17102,23730,16832,0,16384,11039,49594,0,16576,21290,16818
4,12042384,12058640,736,17209,2,96,-31,106,-1,-1,-1,-1,-1,-1,-1,-1,-1,-1,-1,-1,-1,-1,-1,-1
4,12042384,12058640,736,17209,3,96,-31,106,-1,-1,-1,-1,-1,-1,-1,-1,-1,-1,-1,-1,-1,-1,-1,-1
4,12058768,12075024,737,23809,0,93,-33,106,0,0,54570,17772,0,16256,6163,17344,0,16704,7996,17226,0,16608,15346,49957
4,12058768,12075024,737,23809,1,93,-33,106,-1,-1,-1,-1,-1,-1,-1,-1,-1,-1,-1,-1,-1,-1,-1,-1
4,12058768,12075024,737,23809,2,93,-33,106,-1,-1,-1,-1,-1,-1,-1,-1,-1,-1,-1,-1,-1,-1,-1,-1
4,12058768,12075024,737,23809,3,93,-33,106,-1,-1,-1,-1,-1,-1,-1,-1,-1,-1,-1,-1,-1,-1,-1,-1
4,12075152,12091408,738,17673,0,6,-32,100,0,0,7205,17768,0,16736,46368,50184,0,16608,9025,50141,0,16720,22850,17315
4,12075152,12091408,738,53019,1,11,-33,103,0,16256,57116,17295,0,16576,64437,17253,0,16856,29258,17228,0,16384,8428,49934
4,12075152,12091408,738,53019,2,11,-33,103,-1,-1,-1,-1,-1,-1,-1,-1,-1,-1,-1,-1,-1,-1,-1,-1
4,12075152,12091408,738,53019,3,11,-33,103,-1,-1,-1,-1,-1,-1,-1,-1,-1,-1,-1,-1,-1,-1,-1,-1
4,12091536,12107792,739,18419,0,16,-32,102,0,0,62100,17794,0,16384,10091,16939,0,16256,24190,16900,0,16448,13707,16872
4,12091536,12107792,739,18419,1,16,-32,102,-1,-1,-1,-1,-1,-1,-1,-1,-1,-1,-1,-1,-1,-1,-1,-1
4,12091536,12107792,739,18419,2,16,-32,102,-1,-1,-1,-1,-1,-1,-1,-1,-1,-1,-1,-1,-1,-1,-1,-1
4,12091536,12107792,739,18419,3,16,-32,102,-1,-1,-1,-1,-1,-1,-1,-1,-1,-1,-1,-1,-1,-1,-1,-1
4,12107920,12124176,740,34699,0,58,-33,104,0,0,6627,17782,0,16736,8199,50127,0,16720,6731,17322,0,16856,1479,17297
4,12107920,12124176,740,38561,1,59,-33,106,0,16864,619,50059,0,16608,2880,50056,0,16576,39184,17264,0,16256,57049,17230
4,12107920,12124176,740,50147,2,111,-32,104,0,16996,3602,49974,0,16984,3840,17090,0,17124,36707,49836,0,17114,20207,16994
4,12107920,12124176,740,19369,3,114,-32,103,0,16448,14936,49658,0,17116,20207,16866,0,16988,3960,16840,0,17126,61550,49528
4,12124304,12140560,741,58107,0,22,-33,106,0,0,25807,17799,0,16256,62296,16833,0,16448,10076,16806,0,16512,55659,49432
4,12124304,12140560,741,58107,1,22,-33,106,-1,-1,-1,-1,-1,-1,-1,-1,-1,-1,-1,-1,-1,-1,-1,-1
4,12124304,12140560,741,58107,2,22,-33,106,-1,-1,-1,-1,-1,-1,-1,-1,-1,-1,-1,-1,-1,-1,-1,-1
4,12124304,12140560,741,58107,3,22,-33,106,-1,-1,-1,-1,-1,-1,-1,-1,-1,-1,-1,-1,-1,-1,-1,-1
4,12140688,12156944,742,64211,0,0,-32,105,0,0,33292,17797,0,16752,6007,49560,0,16384,14647,16756,0,16656,7707,16704
4,12140688,12156944,742,61561,1,41,-32,102,0,16448,9708,49444,0,16608,32371,49455,0,16792,9523,16659,0,17102,51446,16647
4,12140688,12156944,742,53611,2,84,-31,104,0,16576,29441,16610,0,17042,20207,49378,0,16920,3179,16544,0,17036,3059,49333
4,12140688,12156944,742,53611,3,84,-31,104,-1,-1,-1,-1,-1,-1,-1,-1,-1,-1,-1,-1,-1,-1,-1,-1
4,12157072,12173328,743,23747,0,78,-32,106,0,0,46269,17790,0,16608,64654,49975,0,16448,58930,17188,0,16256,36880,17162
4,12157072,12173328,743,23747,1,78,-32,106,-1,-1,-1,-1,-1,-1,-1,-1,-1,-1,-1,-1,-1,-1,-1,-1
4,12157072,12173328,743,23747,2,78,-32,106,-1,-1,-1,-1,-1,-1,-1,-1,-1,-1,-1,-1,-1,-1,-1,-1
4,12157072,12173328,743,23747,3,78,-32,106,-1,-1,-1,-1,-1,-1,-1,-1,-1,-1,-1,-1,-1,-1,-1,-1
4,12173456,12189712,744,17115,0,54,-32,105,0,0,9554,17765,0,16608,32104,50164,0,16736,58604,50158,0,16512,38039,17314
4,12173456,12189712,744,17115,1,54,-32,105,-1,-1,-1,-1,-1,-1,-1,-1,-1,-1,-1,-1,-1,-1,-1,-1
4,12173456,12189712,744,17115,2,54,-32,105,-1,-1,-1,-1,-1,-1,-1,-1,-1,-1,-1,-1,-1,-1,-1,-1
4,12173456,12189712,744,17115,3,54,-32,105,-1,-1,-1,-1,-1,-1,-1,-1,-1,-1,-1,-1,-1,-1,-1,-1
4,12189840,12206096,745,51345,0,79,-32,107,0,0,2709,17754,0,16256,64660,17422,0,16448,62077,17241,0,16832,34957,17160
4,12189840,12206096,745,22963,1,118,-33,105,0,16704,9546,17137,0,16384,43817,49849,0,17092,14275,17074,0,16576,6316,17053
4,12189840,12206096,745,22963,2,118,-33,105,-1,-1,-1,-1,-1,-1,-1,-1,-1,-1,-1,-1,-1,-1,-1,-1
4,12189840,12206096,745,22963,3,118,-33,105,-1,-1,-1,-1,-1,-1,-1,-1,-1,-1,-1,-1,-1,-1,-1,-1
4,12206224,12222480,746,10059,0,5,-33,104,0,0,45831,17719,0,16256,59659,50325,0,16960,4256,50007,0,16832,39826,49935
4,12206224,12222480,746,30177,1,31,-33,107,0,16384,41059,17163,0,17088,39117,49918,0,16704,7155,49845,0,16688,7087,17075
4,12206224,12222480,746,24995,2,112,-33,105,0,16544,36573,17049,0,16576,15209,49724,0,16824,17802,16946,0,16952,4434,16864
4,12206224,12222480,746,24995,3,112,-33,105,-1,-1,-1,-1,-1,-1,-1,-1,-1,-1,-1,-1,-1,-1,-1,-1
4,12222608,12238864,747,9449,0,1,-33,105,0,0,34918,17794,0,16256,65270,17019,0,16608,7376,49676,0,16384,7703,16768
4,12222608,12238864,747,28347,1,44,-33,105,0,16576,51330,16732,0,16856,48429,16715,0,16704,6937,16688,0,17008,3474,49456
4,12222608,12238864,747,28347,2,44,-33,105,-1,-1,-1,-1,-1,-1,-1,-1,-1,-1,-1,-1,-1,-1,-1,-1
4,12222608,12238864,747,28347,3,44,-33,105,-1,-1,-1,-1,-1,-1,-1,-1,-1,-1,-1,-1,-1,-1,-1,-1
4,12238992,12255248,748,58515,0,33,-33,107,0,0,64936,17793,0,16256,54819,16877,0,16384,13225,16862,0,16448,8660,49554
4,12238992,12255248,748,58515,1,33,-33,107,-1,-1,-1,-1,-1,-1,-1,-1,-1,-1,-1,-1,-1,-1,-1,-1
4,12238992,12255248,748,58515,2,33,-33,107,-1,-1,-1,-1,-1,-1,-1,-1,-1,-1,-1,-1,-1,-1,-1,-1
4,12238992,12255248,748,58515,3,33,-33,107,-1,-1,-1,-1,-1,-1,-1,-1,-1,-1,-1,-1,-1,-1,-1,-1
4,12271760,12288016,750,7041,0,44,-33,105,0,0,57451,17795,0,16256,26803,16893,0,16544,42414,16829,0,16384,13129,16732
4,12271760,12288016,750,7041,1,44,-33,105,-1,-1,-1,-1,-1,-1,-1,-1,-1,-1,-1,-1,-1,-1,-1,-1
4,12271760,12288016,750,7041,2,44,-33,105,-1,-1,-1,-1,-1,-1,-1,-1,-1,-1,-1,-1,-1,-1,-1,-1
4,12271760,12288016,750,7041,3,44,-33,105,-1,-1,-1,-1,-1,-1,-1,-1,-1,-1,-1,-1,-1,-1,-1,-1
4,12288144,12304400,751,21123,0,41,-32,106,0,0,15575,17786,0,16704,25855,50159,0,16576,45606,50081,0,16448,47233,50035
4,12288144,12304400,751,63369,1,72,-33,104,0,17094,6581,49939,0,16688,9022,17124,0,16824,42139,17109,0,16964,4116,49872
4,12288144,12304400,751,63369,2,72,-33,104,-1,-1,-1,-1,-1,-1,-1,-1,-1,-1,-1,-1,-1,-1,-1,-1
4,12288144,12304400,751,63369,3,72,-33,104,-1,-1,-1,-1,-1,-1,-1,-1,-1,-1,-1,-1,-1,-1,-1,-1
4,12304528,12320784,752,46033,0,2,-33,103,0,0,42891,17794,0,16256,54322,16896,0,16608,40707,49667,0,16448,10467,49584
4,12304528,12320784,752,7027,1,44,-33,103,0,16384,9991,49576,0,16512,11292,16804,0,16736,6302,49568,0,16872,8056,49572
4,12304528,12320784,752,21081,2,57,-33,105,0,16576,44579,16795,0,16640,5667,16784,0,16672,5078,49536,0,17130,61550,49528
4,12304528,12320784,752,63243,3,109,-33,106,0,16544,8136,16727,0,16964,3792,16704,0,16704,5667,16656,0,16832,9478,16659
4,12320912,12337168,753,58657,0,71,-33,105,0,0,41566,17796,0,16256,14777,16676,0,16888,6680,16565,0,16608,12556,16531
4,12320912,12337168,753,44899,1,108,-33,105,0,16640,5848,16528,0,16904,2543,16512,0,17096,51446,16519,0,17146,51446,49287
4,12320912,12337168,753,44899,2,108,-33,105,-1,-1,-1,-1,-1,-1,-1,-1,-1,-1,-1,-1,-1,-1,-1,-1
4,12320912,12337168,753,44899,3,108,-33,105,-1,-1,-1,-1,-1,-1,-1,-1,-1,-1,-1,-1,-1,-1,-1,-1
4,12337296,12353552,754,10875,0,6,-32,103,0,0,20120,17795,0,16576,18456,49673,0,16256,14506,49572,0,16816,902,16761
4,12337296,12353552,754,32625,1,17,-32,105,0,16544,6918,16744,0,16856,27577,49472,0,16988,2543,16640,0,16384,13322,16608
4,12337296,12353552,754,32339,2,41,-32,105,0,16864,992,16633,0,16972,4360,49376,0,16720,8387,16592,0,16976,3815,49344
4,12337296,12353552,754,32339,3,41,-32,105,-1,-1,-1,-1,-1,-1,-1,-1,-1,-1,-1,-1,-1,-1,-1,-1
4,12353680,12369936,755,28907,0,38,-33,105,0,0,10947,17799,0,16512,41377,49614,0,16256,2705,49592,0,16384,14069,49512
4,12353680,12369936,755,28907,1,38,-33,105,-1,-1,-1,-1,-1,-1,-1,-1,-1,-1,-1,-1,-1,-1,-1,-1
4,12353680,12369936,755,28907,2,38,-33,105,-1,-1,-1,-1,-1,-1,-1,-1,-1,-1,-1,-1,-1,-1,-1,-1
4,12353680,12369936,755,28907,3,38,-33,105,-1,-1,-1,-1,-1,-1,-1,-1,-1,-1,-1,-1,-1,-1,-1,-1
4,12370064,12386320,756,63555,0,19,-33,105,0,0,24657,17798,0,16256,39640,16921,0,16448,15219,16894,0,16576,11338,16804
4,12370064,12386320,756,63555,1,19,-33,105,-1,-1,-1,-1,-1,-1,-1,-1,-1,-1,-1,-1,-1,-1,-1,-1
4,12370064,12386320,756,63555,2,19,-33,105,-1,-1,-1,-1,-1,-1,-1,-1,-1,-1,-1,-1,-1,-1,-1,-1
4,12370064,12386320,756,63555,3,19,-33,105,-1,-1,-1,-1,-1,-1,-1,-1,-1,-1,-1,-1,-1,-1,-1,-1
4,12386448,12402704,757,47707,0,40,-31,107,0,0,38666,17796,0,16256,33786,16738,0,16640,7911,49480,0,16448,9130,16664
4,12386448,12402704,757,47707,1,40,-31,107,-1,-1,-1,-1,-1,-1,-1,-1,-1,-1,-1,-1,-1,-1,-1,-1
4,12386448,12402704,757,47707,2,40,-31,107,-1,-1,-1,-1,-1,-1,-1,-1,-1,-1,-1,-1,-1,-1,-1,-1
4,12386448,12402704,757,47707,3,40,-31,107,-1,-1,-1,-1,-1,-1,-1,-1,-1,-1,-1,-1,-1,-1,-1,-1
4,12402832,12419088,758,36147,0,1,-33,105,0,0,51414,17797,0,16512,8045,49495,0,16608,52548,16715,0,16640,8002,49480
4,12402832,12419088,758,42905,1,25,-31,106,0,16576,11428,49444,0,16880,30421,16670,0,16448,8371,16652,0,16776,24734,49378
4,12402832,12419088,758,63179,2,106,-33,103,0,16888,24734,16610,0,17012,3815,16576,0,17020,3815,16576,0,16736,6619,16544
4,12402832,12419088,758,63179,3,106,-33,103,-1,-1,-1,-1,-1,-1,-1,-1,-1,-1,-1,-1,-1,-1,-1,-1
4,12419216,12435472,759,44323,0,45,-33,103,0,0,22607,17608,0,16512,26857,17409,0,16640,57219,17355,0,16776,51579,17222
4,12419216,12435472,759,1897,1,83,-33,107,0,16384,58755,17185,0,16736,9541,17137,0,16672,7639,49857,0,16904,3761,17086
4,12419216,12435472,759,1897,2,83,-33,107,-1,-1,-1,-1,-1,-1,-1,-1,-1,-1,-1,-1,-1,-1,-1,-1
4,12419216,12435472,759,1897,3,83,-33,107,-1,-1,-1,-1,-1,-1,-1,-1,-1,-1,-1,-1,-1,-1,-1,-1
4,12435600,12451856,760,17073,0,15,-32,107,0,0,7914,17599,0,16544,36576,49945,0,16704,38252,17162,0,16640,8195,17103
4,12435600,12451856,760,51219,1,64,-32,105,0,16808,44991,49843,0,16864,40122,17068,0,16968,3167,17056,0,16512,39622,49812
4,12435600,12451856,760,22585,2,80,-32,106,0,16384,8677,49810,0,16840,20652,17040,0,16872,49267,49792,0,16608,21994,49789
4,12435600,12451856,760,2219,3,106,-32,105,0,16448,13883,17002,0,16940,4513,49764,0,16932,3960,16968,0,17068,46162,49722
4,12451984,12468240,761,6657,0,4,-32,105,0,0,60550,17612,0,16256,34809,49961,0,16816,53301,49874,0,16688,6928,49839
4,12451984,12468240,761,19971,1,70,-32,106,0,16640,5939,17046,0,16808,25521,17047,0,16544,56824,49799,0,16776,23264,17011
4,12451984,12468240,761,59913,2,79,-32,104,0,16672,8795,16990,0,16384,10158,49707,0,16448,10028,16937,0,16912,3325,49704
4,12451984,12468240,761,48667,3,109,-33,107,0,16784,31814,49677,0,17034,29014,16909,0,16904,2614,16900,0,16512,51816,49664
4,12468368,12484624,762,14929,0,73,-33,107,0,0,6673,17550,0,16448,47173,50034,0,16256,16706,50031,0,16720,8079,49868
4,12468368,12484624,762,14929,1,73,-33,107,-1,-1,-1,-1,-1,-1,-1,-1,-1,-1,-1,-1,-1,-1,-1,-1
4,12468368,12484624,762,14929,2,73,-33,107,-1,-1,-1,-1,-1,-1,-1,-1,-1,-1,-1,-1,-1,-1,-1,-1
4,12468368,12484624,762,14929,3,73,-33,107,-1,-1,-1,-1,-1,-1,-1,-1,-1,-1,-1,-1,-1,-1,-1,-1
4,12484752,12501008,763,44787,0,2,-33,105,0,0,58516,17783,0,16512,19861,50217,0,16384,3858,50123,0,16256,20570,50064
4,12484752,12501008,763,3289,1,19,-33,103,0,16776,10919,50050,0,16908,4751,50032,0,17036,4820,49828,0,16640,6211,49821
4,12484752,12501008,763,9867,2,64,-34,107,0,16768,36680,17044,0,16900,4355,16988,0,16784,3791,16855,0,16656,6789,16812
4,12484752,12501008,763,9867,3,64,-34,107,-1,-1,-1,-1,-1,-1,-1,-1,-1,-1,-1,-1,-1,-1,-1,-1
4,12501136,12517392,764,23267,0,29,-33,107,0,0,23444,17796,0,16256,35901,16815,0,16448,7986,16644,0,16736,8796,49376
4,12501136,12517392,764,4265,1,70,-33,105,0,16856,24552,16610,0,16888,24643,16610,0,16988,4360,16608,0,16576,31334,16576
4,12501136,12517392,764,12795,2,89,-33,98,0,16792,48475,49355,0,16752,6257,16544,0,16904,3179,16544,0,16948,3179,16544
4,12501136,12517392,764,38385,3,92,-33,104,0,16956,3179,49312,0,17032,3059,16565,0,16720,5078,16512,0,16900,2543,16512
4,12517520,12533776,765,49619,0,39,-33,106,0,0,35157,17792,0,16608,61373,49642,0,16448,13231,49632,0,17008,2850,49552
4,12517520,12533776,765,17785,1,78,-33,107,0,16640,5373,16776,0,16256,22570,49509,0,16384,13514,16740,0,16672,7957,16712
4,12517520,12533776,765,53355,2,105,-33,103,0,16776,54116,16647,0,16880,902,49401,0,16864,48475,49355,0,16908,3769,49344
4,12517520,12533776,765,28993,3,121,-33,106,0,16544,10119,16565,0,16576,54803,16553,0,16704,7027,49328,0,16752,6846,49328
4,12533904,12550160,766,21443,0,58,-33,104,0,0,47002,17796,0,16816,54162,16647,0,16752,9566,16624,0,17148,20207,16610
4,12533904,12550160,766,64329,1,98,-33,105,0,16736,8206,49360,0,17008,3815,16576,0,16384,11396,49336,0,16888,6680,16565
4,12533904,12550160,766,64329,2,98,-33,105,-1,-1,-1,-1,-1,-1,-1,-1,-1,-1,-1,-1,-1,-1,-1,-1
4,12533904,12550160,766,64329,3,98,-33,105,-1,-1,-1,-1,-1,-1,-1,-1,-1,-1,-1,-1,-1,-1,-1,-1
4,12550288,12566544,767,61915,0,95,-34,105,0,0,64574,17793,0,16872,15774,17033,0,16736,7605,16960,0,16608,22441,49697
4,12550288,12566544,767,61915,1,95,-34,105,-1,-1,-1,-1,-1,-1,-1,-1,-1,-1,-1,-1,-1,-1,-1,-1
4,12550288,12566544,767,61915,2,95,-34,105,-1,-1,-1,-1,-1,-1,-1,-1,-1,-1,-1,-1,-1,-1,-1,-1
4,12550288,12566544,767,61915,3,95,-34,105,-1,-1,-1,-1,-1,-1,-1,-1,-1,-1,-1,-1,-1,-1,-1,-1
4,12566672,12582928,768,32947,0,62,-34,107,0,0,7903,17785,0,16448,33212,17297,0,16256,42174,17212,0,16996,2830,17167
4,12566672,12582928,768,33305,1,82,-33,105,0,16736,38250,17162,0,16864,37270,17102,0,16608,4151,16959,0,16872,42979,49674
4,12566672,12582928,768,34379,2,92,-33,106,0,16576,5790,49657,0,16512,40250,16863,0,17000,3962,49608,0,17126,44401,16843
4,12566672,12582928,768,37601,3,109,-33,103,0,16880,28976,49583,0,16384,8853,16790,0,16640,5860,16788,0,16752,5395,16776
4,12583056,12599312,769,47267,0,43,-33,106,0,0,8530,17766,0,16752,24867,17366,0,16608,36354,17351,0,16448,50738,17316
4,12583056,12599312,769,10729,1,57,-33,104,0,16512,35153,50031,0,16384,10563,49970,0,16880,27537,17088,0,17012,3366,17066
4,12583056,12599312,769,10729,2,57,-33,104,-1,-1,-1,-1,-1,-1,-1,-1,-1,-1,-1,-1,-1,-1,-1,-1
4,12583056,12599312,769,10729,3,57,-33,104,-1,-1,-1,-1,-1,-1,-1,-1,-1,-1,-1,-1,-1,-1,-1,-1
4,12599440,12615696,770,31025,0,10,-33,106,0,0,49165,17790,0,16640,24152,50116,0,16512,7393,50060,0,16768,27807,50060
4,12599440,12615696,770,31025,1,10,-33,106,-1,-1,-1,-1,-1,-1,-1,-1,-1,-1,-1,-1,-1,-1,-1,-1
4,12599440,12615696,770,31025,2,10,-33,106,-1,-1,-1,-1,-1,-1,-1,-1,-1,-1,-1,-1,-1,-1,-1,-1
4,12599440,12615696,770,31025,3,10,-33,106,-1,-1,-1,-1,-1,-1,-1,-1,-1,-1,-1,-1,-1,-1,-1,-1
4,12632208,12648464,772,51243,0,20,-33,106,0,0,11609,17798,0,16768,24687,50018,0,16896,4275,50008,0,16640,6064,49945
4,12632208,12648464,772,22657,1,25,-33,107,0,16512,39419,49858,0,16384,9541,49825,0,17026,18446,49779,0,16256,53558,49744
4,12632208,12648464,772,2435,2,32,-33,107,0,17024,21969,49745,0,16776,24688,16738,0,16448,9323,16668,0,16888,9523,16659
4,12632208,12648464,772,7305,3,85,-33,104,0,16880,54116,49415,0,16544,50293,49389,0,16672,8615,49376,0,16608,52729,16587
4,12648592,12664848,773,21915,0,47,-33,106,0,0,64761,17796,0,16688,6007,16792,0,16384,14273,49520,0,16256,59593,16647
4,12648592,12664848,773,209,1,93,-33,97,0,16544,5971,16633,0,16856,24734,49378,0,16952,3815,16576,0,17020,3815,49344
4,12648592,12664848,773,209,2,93,-33,97,-1,-1,-1,-1,-1,-1,-1,-1,-1,-1,-1,-1,-1,-1,-1,-1
4,12648592,12664848,773,209,3,93,-33,97,-1,-1,-1,-1,-1,-1,-1,-1,-1,-1,-1,-1,-1,-1,-1,-1
4,12664976,12681232,774,1881,0,6,-34,103,0,0,39329,17795,0,16256,10183,16971,0,16544,38543,16933,0,16512,42550,49597
4,12664976,12681232,774,5643,1,44,-33,105,0,16784,6680,49461,0,16656,6053,49432,0,16944,2543,16640,0,16384,12960,16608
4,12664976,12681232,774,16929,2,49,-33,104,0,16768,992,16633,0,16912,3815,49344,0,16640,6438,16544,0,17020,3088,16544
4,12664976,12681232,774,50787,3,55,-33,106,0,17026,3059,16565,0,17072,3059,16565,0,17034,51446,16519,0,16576,5428,49273
4,12681360,12697616,775,21289,0,7,-33,104,0,0,34324,17767,0,16752,7168,17333,0,16608,43158,17298,0,16544,62317,17297
4,12681360,12697616,775,63867,1,45,-33,105,0,16512,60362,50053,0,16888,38106,17283,0,16704,6571,49958,0,17016,3048,17178
4,12681360,12697616,775,60529,2,97,-33,106,0,16448,24079,17153,0,16384,14262,17136,0,16832,19819,49883,0,16808,53304,17106
4,12681360,12697616,775,60529,3,97,-33,106,-1,-1,-1,-1,-1,-1,-1,-1,-1,-1,-1,-1,-1,-1,-1,-1
4,12697744,12714000,776,20473,0,38,-33,103,0,0,29976,17767,0,16640,25145,50141,0,16448,11764,17350,0,16512,52684,50077
4,12697744,12714000,776,20473,1,38,-33,103,-1,-1,-1,-1,-1,-1,-1,-1,-1,-1,-1,-1,-1,-1,-1,-1
4,12697744,12714000,776,20473,2,38,-33,103,-1,-1,-1,-1,-1,-1,-1,-1,-1,-1,-1,-1,-1,-1,-1,-1
4,12697744,12714000,776,20473,3,38,-33,103,-1,-1,-1,-1,-1,-1,-1,-1,-1,-1,-1,-1,-1,-1,-1,-1
4,12730512,12746768,778,28483,0,23,-33,106,0,0,11785,17795,0,16448,9136,16922,0,16256,18065,16845,0,16384,8185,49546
4,12730512,12746768,778,19913,1,38,-34,103,0,16640,5180,16772,0,16720,5180,16772,0,16576,6918,16744,0,16512,31334,49472
4,12730512,12746768,778,59739,2,54,-33,107,0,16736,6937,16688,0,16784,6634,49461,0,16608,34717,49421,0,16900,2543,16640
4,12730512,12746768,778,48145,3,67,-33,103,0,16656,9385,49392,0,16880,24643,49378,0,17110,20207,16610,0,16896,3179,49312
4,12746896,12763152,779,13363,0,32,-33,106,0,0,8823,17794,0,16256,36622,16926,0,16384,12846,49624,0,16576,53495,16698
4,12746896,12763152,779,40089,1,59,-33,91,0,16512,11247,49444,0,16608,13412,49410,0,16640,5078,49408,0,16752,5078,49408
4,12746896,12763152,779,54731,2,117,-34,105,0,17012,2521,49408,0,16448,13684,16608,0,16736,9385,16624,0,16800,902,49401
4,12746896,12763152,779,54731,3,117,-34,105,-1,-1,-1,-1,-1,-1,-1,-1,-1,-1,-1,-1,-1,-1,-1,-1
4,12779664,12795920,781,35945,0,26,-33,103,0,0,45552,17796,0,16256,29325,16907,0,16576,49165,16766,0,16448,13310,16732
4,12779664,12795920,781,42299,1,31,-33,103,0,16704,7412,16696,0,16608,56696,49415,0,16896,2543,49408,0,16640,9566,16624
4,12779664,12795920,781,61361,2,34,-33,106,0,16720,8796,16608,0,16888,992,49401,0,16384,11419,49344,0,16656,8387,49360
4,12779664,12795920,781,53011,3,56,-34,106,0,16752,8387,49360,0,16900,3815,16576,0,16840,6680,16565,0,16984,3179,16544
4,12796048,12812304,782,27961,0,21,-33,105,0,0,16599,17785,0,16864,36412,50120,0,16736,5779,50066,0,16720,54566,17288
4,12796048,12812304,782,27961,1,21,-33,105,-1,-1,-1,-1,-1,-1,-1,-1,-1,-1,-1,-1,-1,-1,-1,-1
4,12796048,12812304,782,27961,2,21,-33,105,-1,-1,-1,-1,-1,-1,-1,-1,-1,-1,-1,-1,-1,-1,-1,-1
4,12796048,12812304,782,27961,3,21,-33,105,-1,-1,-1,-1,-1,-1,-1,-1,-1,-1,-1,-1,-1,-1,-1,-1
4,12812432,12828688,783,55041,0,46,-34,104,0,0,20846,17795,0,16448,10705,16948,0,16256,23335,16852,0,16384,10660,16820
4,12812432,12828688,783,34051,1,63,-34,106,0,16672,5225,16772,0,16512,51511,49500,0,16840,51318,16681,0,16608,55659,16664
4,12812432,12828688,783,36617,2,89,-33,96,0,16720,5758,16656,0,16688,5078,49408,0,16736,5078,16640,0,16800,54162,16647
4,12812432,12828688,783,44315,3,100,-33,104,0,16908,2543,49408,0,16932,2543,16640,0,16544,50293,16621,0,16704,9385,49392
4,12828816,12845072,784,1873,0,39,-32,106,0,0,6774,17796,0,16640,5860,49684,0,16512,23455,49552,0,16384,13900,49516
4,12828816,12845072,784,5619,1,41,-33,105,0,16904,4450,16608,0,16256,58424,49321,0,17032,51446,16519,0,17052,51446,16519
4,12828816,12845072,784,16857,2,63,-33,106,0,16608,52005,49227,0,16936,3815,49216,0,16940,3815,49216,0,17020,3815,49216
4,12828816,12845072,784,50571,3,65,-34,104,0,16544,56515,49159,0,16576,56877,16391,0,16656,6257,49184,0,16736,5078,49152
4,12845200,12861456,785,20641,0,25,-33,106,0,0,2425,17796,0,16608,1249,49558,0,16576,45706,16778,0,16448,11985,49480
4,12845200,12861456,785,61923,1,84,-33,104,0,16544,8992,49478,0,16872,48475,49483,0,16880,27577,16704,0,16736,7231,49464
4,12845200,12861456,785,61923,2,84,-33,104,-1,-1,-1,-1,-1,-1,-1,-1,-1,-1,-1,-1,-1,-1,-1,-1
4,12845200,12861456,785,61923,3,84,-33,104,-1,-1,-1,-1,-1,-1,-1,-1,-1,-1,-1,-1,-1,-1,-1,-1
4,12861584,12877840,786,33019,0,23,-33,102,0,0,19583,17798,0,16256,49055,49655,0,16384,9136,49562,0,16544,56832,49543
4,12861584,12877840,786,33019,1,23,-33,102,-1,-1,-1,-1,-1,-1,-1,-1,-1,-1,-1,-1,-1,-1,-1,-1
4,12861584,12877840,786,33019,2,23,-33,102,-1,-1,-1,-1,-1,-1,-1,-1,-1,-1,-1,-1,-1,-1,-1,-1
4,12861584,12877840,786,33019,3,23,-33,102,-1,-1,-1,-1,-1,-1,-1,-1,-1,-1,-1,-1,-1,-1,-1,-1
4,12877968,12894224,787,35027,0,40,-33,104,0,0,31968,17799,0,16256,47611,16795,0,16512,23455,49552,0,16608,49346,16766
4,12877968,12894224,787,39545,1,71,-34,99,0,16448,13695,16740,0,16736,7911,16712,0,16872,24734,16610,0,16544,9757,16565
